-3.214599990844726562e+01
-4.623756408691406250e+01
-5.701761627197265625e+01
-6.488659667968750000e+01
-6.917381286621093750e+01
-7.025048065185546875e+01
-7.124967956542968750e+01
-7.114055633544921875e+01
-7.015194702148437500e+01
-6.961852264404296875e+01
-6.985707092285156250e+01
-7.056579589843750000e+01
-7.150421142578125000e+01
-7.302089691162109375e+01
-7.458091735839843750e+01
-7.571611022949218750e+01
-7.636932373046875000e+01
-7.657521057128906250e+01
-7.671980285644531250e+01
-7.687783813476562500e+01
-7.701015472412109375e+01
-7.716563415527343750e+01
-7.733438110351562500e+01
-7.748587036132812500e+01
-7.760457611083984375e+01
-7.769721221923828125e+01
-7.776938629150390625e+01
-7.782135772705078125e+01
-7.785772705078125000e+01
-7.788525390625000000e+01
-7.791253662109375000e+01
-7.794239807128906250e+01
-7.797094726562500000e+01
-7.799597930908203125e+01
-7.802353668212890625e+01
-7.806260681152343750e+01
-7.812449645996093750e+01
-7.820754241943359375e+01
-7.829817199707031250e+01
-7.837547302246093750e+01
-7.842094421386718750e+01
-7.843168640136718750e+01
-7.842151641845703125e+01
-7.841199493408203125e+01
-7.841800689697265625e+01
-7.844255065917968750e+01
-7.847850036621093750e+01
-7.851448059082031250e+01
-7.854189300537109375e+01
-7.855677795410156250e+01
-7.856162261962890625e+01
-7.856311035156250000e+01
-7.856848144531250000e+01
-7.858110046386718750e+01
-7.860005950927734375e+01
-7.861979675292968750e+01
-7.863559722900390625e+01
-7.864414978027343750e+01
-7.864469909667968750e+01
-7.864046478271484375e+01
-7.863652801513671875e+01
-7.863648223876953125e+01
-7.864154815673828125e+01
-7.864903259277343750e+01
-7.865625000000000000e+01
-7.866026306152343750e+01
-7.866084289550781250e+01
-7.865911102294921875e+01
-7.865768432617187500e+01
-7.865805816650390625e+01
-7.866071319580078125e+01
-7.866478729248046875e+01
-7.866856384277343750e+01
-7.867117309570312500e+01
-7.867218780517578125e+01
-7.867205047607421875e+01
-7.867165374755859375e+01
-7.867154693603515625e+01
-7.867216491699218750e+01
-7.867335510253906250e+01
-7.867454528808593750e+01
-7.867511749267578125e+01
-7.867544555664062500e+01
-7.867536163330078125e+01
-7.867549896240234375e+01
-7.867605590820312500e+01
-7.867675781250000000e+01
-7.867735290527343750e+01
-7.867768859863281250e+01
-7.867796325683593750e+01
-7.867812347412109375e+01
-7.867865753173828125e+01
-7.867878723144531250e+01
-7.867927551269531250e+01
-7.867959594726562500e+01
-7.867990875244140625e+01
-7.868010711669921875e+01
-7.868038940429687500e+01
-7.868067169189453125e+01
-7.868109130859375000e+01
