-1.332807731628417969e+01
-5.151237869262695312e+01
-5.584122848510742188e+01
-6.424019622802734375e+01
-6.354329681396484375e+01
-6.450406646728515625e+01
-6.553350830078125000e+01
-6.953457641601562500e+01
-7.242462158203125000e+01
-7.579896545410156250e+01
-7.374719238281250000e+01
-7.324514770507812500e+01
-7.519398498535156250e+01
-7.627378082275390625e+01
-7.620046997070312500e+01
-7.584207916259765625e+01
-7.620515441894531250e+01
-7.642446136474609375e+01
-7.701098632812500000e+01
-7.749648284912109375e+01
-7.752545166015625000e+01
-7.742111206054687500e+01
-7.775113677978515625e+01
-7.798196411132812500e+01
-7.791830444335937500e+01
-7.807690429687500000e+01
-7.814785766601562500e+01
-7.817669677734375000e+01
-7.820523071289062500e+01
-7.838296508789062500e+01
-7.842811584472656250e+01
-7.834265136718750000e+01
-7.833244323730468750e+01
-7.836154174804687500e+01
-7.842998504638671875e+01
-7.842288970947265625e+01
-7.849768066406250000e+01
-7.852636718750000000e+01
-7.853708648681640625e+01
-7.854692840576171875e+01
-7.857467651367187500e+01
-7.859071350097656250e+01
-7.858121490478515625e+01
-7.859328460693359375e+01
-7.859552001953125000e+01
-7.859697723388671875e+01
-7.860475158691406250e+01
-7.862756347656250000e+01
-7.862364196777343750e+01
-7.863658142089843750e+01
-7.863990020751953125e+01
-7.864704132080078125e+01
-7.864144134521484375e+01
-7.864385986328125000e+01
-7.865159606933593750e+01
-7.865455627441406250e+01
-7.865558624267578125e+01
-7.865962219238281250e+01
-7.866284942626953125e+01
-7.866238403320312500e+01
-7.866493225097656250e+01
-7.866717529296875000e+01
-7.866712951660156250e+01
-7.866744995117187500e+01
-7.867090606689453125e+01
-7.866870117187500000e+01
-7.866916656494140625e+01
-7.867220306396484375e+01
-7.867386627197265625e+01
-7.867281341552734375e+01
-7.867341613769531250e+01
-7.867346954345703125e+01
-7.867273712158203125e+01
-7.867471313476562500e+01
-7.867520141601562500e+01
-7.867542266845703125e+01
-7.867524719238281250e+01
-7.867552947998046875e+01
-7.867559051513671875e+01
-7.867623901367187500e+01
-7.867702484130859375e+01
-7.867622375488281250e+01
-7.867639923095703125e+01
-7.867695617675781250e+01
-7.867692565917968750e+01
-7.867719268798828125e+01
-7.867729949951171875e+01
-7.867736053466796875e+01
-7.867711639404296875e+01
-7.867761230468750000e+01
-7.867749786376953125e+01
-7.867765045166015625e+01
-7.867783355712890625e+01
-7.867761993408203125e+01
-7.867776489257812500e+01
-7.867800140380859375e+01
-7.867791748046875000e+01
-7.867780303955078125e+01
-7.867794799804687500e+01
-7.867786407470703125e+01
-7.867803192138671875e+01
-7.867806243896484375e+01
-7.867797851562500000e+01
-7.867800140380859375e+01
-7.867807769775390625e+01
-7.867803955078125000e+01
-7.867810058593750000e+01
-7.867813110351562500e+01
-7.867806243896484375e+01
-7.867804718017578125e+01
-7.867810058593750000e+01
-7.867816162109375000e+01
-7.867811584472656250e+01
-7.867820739746093750e+01
-7.867816925048828125e+01
-7.867809295654296875e+01
-7.867818450927734375e+01
-7.867818450927734375e+01
-7.867812347412109375e+01
-7.867820739746093750e+01
-7.867817687988281250e+01
-7.867813110351562500e+01
-7.867817687988281250e+01
-7.867823028564453125e+01
-7.867819976806640625e+01
-7.867809295654296875e+01
-7.867813110351562500e+01
-7.867821502685546875e+01
-7.867827606201171875e+01
-7.867820739746093750e+01
-7.867825317382812500e+01
-7.867814636230468750e+01
-7.867817687988281250e+01
-7.867823028564453125e+01
-7.867818450927734375e+01
-7.867810821533203125e+01
-7.867815399169921875e+01
-7.867829132080078125e+01
-7.867814636230468750e+01
-7.867822265625000000e+01
-7.867824554443359375e+01
-7.867823028564453125e+01
-7.867822265625000000e+01
-7.867817687988281250e+01
-7.867824554443359375e+01
-7.867815399169921875e+01
-7.867812347412109375e+01
-7.867825317382812500e+01
-7.867813873291015625e+01
-7.867815399169921875e+01
-7.867828369140625000e+01
-7.867823791503906250e+01
-7.867815399169921875e+01
-7.867827606201171875e+01
-7.867820739746093750e+01
-7.867814636230468750e+01
-7.867816925048828125e+01
-7.867816162109375000e+01
-7.867811584472656250e+01
-7.867823028564453125e+01
-7.867810058593750000e+01
-7.867813873291015625e+01
-7.867800140380859375e+01
-7.867790985107421875e+01
-7.867772674560546875e+01
-7.867749786376953125e+01
-7.867683410644531250e+01
-7.867597961425781250e+01
-7.867454528808593750e+01
-7.867179870605468750e+01
-7.866746520996093750e+01
-7.865998840332031250e+01
-7.864836883544921875e+01
-7.863239288330078125e+01
-7.861503601074218750e+01
-7.860526275634765625e+01
-7.861408996582031250e+01
-7.864167022705078125e+01
-7.866970825195312500e+01
-7.867782592773437500e+01
-7.866495513916015625e+01
-7.864900207519531250e+01
-7.864812469482421875e+01
-7.866307830810546875e+01
-7.867675781250000000e+01
-7.867568969726562500e+01
-7.866532897949218750e+01
-7.866085815429687500e+01
-7.866779327392578125e+01
-7.867670440673828125e+01
-7.867722320556640625e+01
-7.867101287841796875e+01
-7.866820526123046875e+01
-7.867234802246093750e+01
-7.867743682861328125e+01
-7.867736053466796875e+01
-7.867362976074218750e+01
-7.867237091064453125e+01
-7.867518615722656250e+01
-7.867800140380859375e+01
-7.867733764648437500e+01
-7.867514801025390625e+01
-7.867480468750000000e+01
-7.867669677734375000e+01
-7.867812347412109375e+01
-7.867744445800781250e+01
-7.867624664306640625e+01
-7.867631530761718750e+01
-7.867758941650390625e+01
-7.867819213867187500e+01
-7.867757415771484375e+01
-7.867694091796875000e+01
-7.867724609375000000e+01
-7.867797851562500000e+01
-7.867826080322265625e+01
-7.867774200439453125e+01
-7.867749023437500000e+01
-7.867765808105468750e+01
-7.867816162109375000e+01
-7.867811584472656250e+01
-7.867785644531250000e+01
-7.867774200439453125e+01
-7.867790985107421875e+01
-7.867822265625000000e+01
-7.867818450927734375e+01
-7.867803955078125000e+01
-7.867783355712890625e+01
-7.867803955078125000e+01
-7.867821502685546875e+01
-7.867820739746093750e+01
-7.867800903320312500e+01
-7.867803192138671875e+01
-7.867812347412109375e+01
-7.867819213867187500e+01
-7.867826080322265625e+01
-7.867807769775390625e+01
-7.867807769775390625e+01
-7.867804718017578125e+01
-7.867821502685546875e+01
-7.867815399169921875e+01
-7.867817687988281250e+01
-7.867816162109375000e+01
-7.867815399169921875e+01
-7.867818450927734375e+01
-7.867816162109375000e+01
-7.867808532714843750e+01
-7.867815399169921875e+01
-7.867832946777343750e+01
-7.867825317382812500e+01
-7.867813110351562500e+01
-7.867823791503906250e+01
-7.867816925048828125e+01
-7.867823028564453125e+01
-7.867819976806640625e+01
-7.867816162109375000e+01
-7.867816162109375000e+01
-7.867823791503906250e+01
-7.867819213867187500e+01
-7.867825317382812500e+01
-7.867819213867187500e+01
-7.867816925048828125e+01
-7.867822265625000000e+01
-7.867814636230468750e+01
-7.867820739746093750e+01
-7.867819976806640625e+01
-7.867814636230468750e+01
-7.867824554443359375e+01
-7.867813873291015625e+01
-7.867815399169921875e+01
-7.867820739746093750e+01
-7.867820739746093750e+01
-7.867824554443359375e+01
-7.867818450927734375e+01
-7.867816162109375000e+01
-7.867817687988281250e+01
-7.867828369140625000e+01
-7.867829132080078125e+01
-7.867823791503906250e+01
-7.867820739746093750e+01
-7.867821502685546875e+01
-7.867816925048828125e+01
-7.867816162109375000e+01
-7.867817687988281250e+01
-7.867821502685546875e+01
-7.867822265625000000e+01
-7.867825317382812500e+01
-7.867814636230468750e+01
-7.867822265625000000e+01
-7.867816925048828125e+01
-7.867824554443359375e+01
-7.867820739746093750e+01
-7.867828369140625000e+01
-7.867818450927734375e+01
-7.867829895019531250e+01
-7.867819976806640625e+01
-7.867817687988281250e+01
-7.867823791503906250e+01
-7.867822265625000000e+01
-7.867825317382812500e+01
-7.867816925048828125e+01
-7.867826843261718750e+01
-7.867820739746093750e+01
-7.867820739746093750e+01
-7.867819976806640625e+01
-7.867832946777343750e+01
-7.867817687988281250e+01
-7.867817687988281250e+01
-7.867813873291015625e+01
-7.867826080322265625e+01
-7.867819213867187500e+01
-7.867823028564453125e+01
-7.867821502685546875e+01
-7.867822265625000000e+01
-7.867816925048828125e+01
-7.867815399169921875e+01
-7.867816925048828125e+01
-7.867811584472656250e+01
-7.867813110351562500e+01
-7.867820739746093750e+01
-7.867812347412109375e+01
-7.867825317382812500e+01
-7.867821502685546875e+01
-7.867822265625000000e+01
-7.867820739746093750e+01
-7.867826843261718750e+01
-7.867819976806640625e+01
-7.867814636230468750e+01
-7.867819213867187500e+01
-7.867822265625000000e+01
-7.867813110351562500e+01
-7.867823791503906250e+01
-7.867816925048828125e+01
-7.867832946777343750e+01
-7.867821502685546875e+01
-7.867825317382812500e+01
-7.867819976806640625e+01
-7.867813110351562500e+01
-7.867819976806640625e+01
-7.867814636230468750e+01
-7.867828369140625000e+01
-7.867825317382812500e+01
-7.867820739746093750e+01
-7.867816162109375000e+01
-7.867834472656250000e+01
-7.867823028564453125e+01
-7.867821502685546875e+01
-7.867816162109375000e+01
-7.867822265625000000e+01
-7.867823028564453125e+01
-7.867819976806640625e+01
-7.867814636230468750e+01
-7.867821502685546875e+01
-7.867816162109375000e+01
-7.867819976806640625e+01
-7.867821502685546875e+01
-7.867814636230468750e+01
-7.867824554443359375e+01
-7.867826080322265625e+01
-7.867821502685546875e+01
-7.867821502685546875e+01
-7.867816925048828125e+01
-7.867829132080078125e+01
-7.867821502685546875e+01
-7.867824554443359375e+01
-7.867822265625000000e+01
-7.867803955078125000e+01
-7.867817687988281250e+01
-7.867816162109375000e+01
-7.867825317382812500e+01
-7.867820739746093750e+01
-7.867820739746093750e+01
-7.867808532714843750e+01
-7.867819213867187500e+01
-7.867826080322265625e+01
-7.867819213867187500e+01
-7.867819213867187500e+01
-7.867825317382812500e+01
-7.867822265625000000e+01
-7.867820739746093750e+01
-7.867835998535156250e+01
-7.867819976806640625e+01
-7.867818450927734375e+01
-7.867823028564453125e+01
-7.867819213867187500e+01
-7.867816162109375000e+01
-7.867815399169921875e+01
-7.867816925048828125e+01
-7.867823791503906250e+01
-7.867829132080078125e+01
-7.867829132080078125e+01
-7.867820739746093750e+01
-7.867816925048828125e+01
-7.867821502685546875e+01
-7.867819976806640625e+01
-7.867819976806640625e+01
-7.867829132080078125e+01
-7.867819976806640625e+01
-7.867827606201171875e+01
-7.867830657958984375e+01
-7.867826080322265625e+01
-7.867816162109375000e+01
-7.867823028564453125e+01
-7.867813110351562500e+01
-7.867816925048828125e+01
-7.867816162109375000e+01
-7.867819213867187500e+01
-7.867834472656250000e+01
-7.867814636230468750e+01
-7.867819976806640625e+01
-7.867819976806640625e+01
-7.867815399169921875e+01
-7.867823028564453125e+01
-7.867823028564453125e+01
-7.867823791503906250e+01
-7.867816162109375000e+01
-7.867816162109375000e+01
-7.867823028564453125e+01
-7.867825317382812500e+01
-7.867826080322265625e+01
-7.867818450927734375e+01
-7.867816925048828125e+01
-7.867830657958984375e+01
-7.867821502685546875e+01
-7.867818450927734375e+01
-7.867819976806640625e+01
-7.867813110351562500e+01
-7.867823028564453125e+01
-7.867829132080078125e+01
-7.867821502685546875e+01
-7.867823028564453125e+01
-7.867805480957031250e+01
-7.867812347412109375e+01
-7.867825317382812500e+01
-7.867817687988281250e+01
-7.867824554443359375e+01
-7.867816162109375000e+01
-7.867820739746093750e+01
-7.867822265625000000e+01
-7.867818450927734375e+01
-7.867826843261718750e+01
-7.867821502685546875e+01
-7.867829895019531250e+01
-7.867822265625000000e+01
-7.867828369140625000e+01
-7.867823028564453125e+01
-7.867825317382812500e+01
-7.867826080322265625e+01
-7.867817687988281250e+01
-7.867824554443359375e+01
-7.867816925048828125e+01
-7.867822265625000000e+01
-7.867813110351562500e+01
-7.867814636230468750e+01
-7.867816162109375000e+01
-7.867821502685546875e+01
-7.867816925048828125e+01
-7.867823791503906250e+01
-7.867806243896484375e+01
-7.867817687988281250e+01
-7.867823791503906250e+01
-7.867825317382812500e+01
-7.867822265625000000e+01
-7.867816925048828125e+01
-7.867819976806640625e+01
-7.867819213867187500e+01
-7.867824554443359375e+01
-7.867822265625000000e+01
-7.867829132080078125e+01
-7.867815399169921875e+01
-7.867821502685546875e+01
-7.867821502685546875e+01
-7.867813873291015625e+01
-7.867818450927734375e+01
-7.867829132080078125e+01
-7.867826080322265625e+01
-7.867824554443359375e+01
-7.867819213867187500e+01
-7.867819976806640625e+01
-7.867820739746093750e+01
-7.867807006835937500e+01
-7.867818450927734375e+01
-7.867819976806640625e+01
-7.867826080322265625e+01
-7.867822265625000000e+01
-7.867820739746093750e+01
-7.867823028564453125e+01
-7.867826080322265625e+01
-7.867825317382812500e+01
-7.867827606201171875e+01
-7.867820739746093750e+01
-7.867826080322265625e+01
-7.867820739746093750e+01
-7.867819976806640625e+01
-7.867825317382812500e+01
-7.867822265625000000e+01
-7.867820739746093750e+01
-7.867818450927734375e+01
-7.867818450927734375e+01
-7.867821502685546875e+01
-7.867816925048828125e+01
-7.867821502685546875e+01
-7.867812347412109375e+01
-7.867827606201171875e+01
-7.867826080322265625e+01
-7.867830657958984375e+01
-7.867828369140625000e+01
-7.867816925048828125e+01
-7.867819976806640625e+01
-7.867818450927734375e+01
-7.867821502685546875e+01
-7.867818450927734375e+01
-7.867824554443359375e+01
-7.867816925048828125e+01
-7.867819976806640625e+01
-7.867823028564453125e+01
-7.867819213867187500e+01
-7.867818450927734375e+01
-7.867824554443359375e+01
-7.867823791503906250e+01
-7.867818450927734375e+01
-7.867817687988281250e+01
-7.867823028564453125e+01
-7.867823028564453125e+01
-7.867819976806640625e+01
-7.867827606201171875e+01
-7.867821502685546875e+01
-7.867821502685546875e+01
-7.867813873291015625e+01
-7.867824554443359375e+01
-7.867818450927734375e+01
-7.867812347412109375e+01
-7.867813873291015625e+01
-7.867819976806640625e+01
-7.867819213867187500e+01
-7.867826843261718750e+01
-7.867815399169921875e+01
-7.867813873291015625e+01
-7.867823028564453125e+01
-7.867827606201171875e+01
-7.867816925048828125e+01
-7.867813873291015625e+01
-7.867816925048828125e+01
-7.867816925048828125e+01
-7.867816162109375000e+01
-7.867819213867187500e+01
-7.867817687988281250e+01
-7.867823028564453125e+01
-7.867826843261718750e+01
-7.867815399169921875e+01
-7.867819213867187500e+01
-7.867819976806640625e+01
-7.867819213867187500e+01
-7.867818450927734375e+01
-7.867815399169921875e+01
-7.867823028564453125e+01
-7.867824554443359375e+01
-7.867813873291015625e+01
-7.867823791503906250e+01
-7.867824554443359375e+01
-7.867819213867187500e+01
-7.867831420898437500e+01
-7.867821502685546875e+01
-7.867818450927734375e+01
-7.867814636230468750e+01
-7.867811584472656250e+01
-7.867816925048828125e+01
-7.867823028564453125e+01
-7.867821502685546875e+01
-7.867823028564453125e+01
-7.867826080322265625e+01
-7.867820739746093750e+01
-7.867821502685546875e+01
-7.867819976806640625e+01
-7.867829132080078125e+01
-7.867824554443359375e+01
-7.867827606201171875e+01
-7.867823028564453125e+01
-7.867814636230468750e+01
-7.867822265625000000e+01
-7.867823791503906250e+01
-7.867818450927734375e+01
-7.867819976806640625e+01
-7.867824554443359375e+01
-7.867829132080078125e+01
-7.867825317382812500e+01
-7.867817687988281250e+01
-7.867826080322265625e+01
-7.867814636230468750e+01
-7.867827606201171875e+01
-7.867813873291015625e+01
-7.867815399169921875e+01
-7.867818450927734375e+01
-7.867819213867187500e+01
-7.867818450927734375e+01
-7.867828369140625000e+01
-7.867819976806640625e+01
-7.867821502685546875e+01
-7.867818450927734375e+01
-7.867816162109375000e+01
-7.867823028564453125e+01
-7.867823791503906250e+01
-7.867821502685546875e+01
-7.867815399169921875e+01
-7.867818450927734375e+01
-7.867827606201171875e+01
-7.867816925048828125e+01
-7.867813873291015625e+01
-7.867815399169921875e+01
-7.867823791503906250e+01
-7.867819213867187500e+01
-7.867826080322265625e+01
-7.867826080322265625e+01
-7.867829132080078125e+01
-7.867823028564453125e+01
-7.867823791503906250e+01
-7.867820739746093750e+01
-7.867820739746093750e+01
-7.867820739746093750e+01
-7.867828369140625000e+01
-7.867813873291015625e+01
-7.867820739746093750e+01
-7.867829895019531250e+01
-7.867832946777343750e+01
-7.867823028564453125e+01
-7.867822265625000000e+01
-7.867813873291015625e+01
-7.867828369140625000e+01
-7.867826080322265625e+01
-7.867827606201171875e+01
-7.867819213867187500e+01
-7.867823028564453125e+01
-7.867825317382812500e+01
-7.867826080322265625e+01
-7.867821502685546875e+01
-7.867820739746093750e+01
-7.867814636230468750e+01
-7.867815399169921875e+01
-7.867818450927734375e+01
-7.867823028564453125e+01
-7.867813110351562500e+01
-7.867823028564453125e+01
-7.867815399169921875e+01
-7.867815399169921875e+01
-7.867822265625000000e+01
-7.867819976806640625e+01
-7.867816162109375000e+01
-7.867820739746093750e+01
-7.867816925048828125e+01
-7.867814636230468750e+01
-7.867815399169921875e+01
-7.867813873291015625e+01
-7.867826080322265625e+01
-7.867820739746093750e+01
-7.867813873291015625e+01
-7.867820739746093750e+01
-7.867828369140625000e+01
-7.867813873291015625e+01
-7.867826080322265625e+01
-7.867816925048828125e+01
-7.867819976806640625e+01
-7.867812347412109375e+01
-7.867828369140625000e+01
-7.867821502685546875e+01
-7.867818450927734375e+01
-7.867822265625000000e+01
-7.867823028564453125e+01
-7.867821502685546875e+01
-7.867829895019531250e+01
-7.867816925048828125e+01
-7.867823791503906250e+01
-7.867826843261718750e+01
-7.867814636230468750e+01
-7.867827606201171875e+01
-7.867822265625000000e+01
-7.867824554443359375e+01
-7.867828369140625000e+01
-7.867821502685546875e+01
-7.867827606201171875e+01
-7.867830657958984375e+01
-7.867819976806640625e+01
-7.867816925048828125e+01
-7.867823028564453125e+01
-7.867823028564453125e+01
-7.867818450927734375e+01
-7.867822265625000000e+01
-7.867822265625000000e+01
-7.867810821533203125e+01
-7.867813110351562500e+01
-7.867819976806640625e+01
-7.867823028564453125e+01
-7.867820739746093750e+01
-7.867816925048828125e+01
-7.867813873291015625e+01
-7.867819976806640625e+01
-7.867820739746093750e+01
-7.867824554443359375e+01
-7.867819976806640625e+01
-7.867827606201171875e+01
-7.867828369140625000e+01
-7.867812347412109375e+01
-7.867824554443359375e+01
-7.867816925048828125e+01
-7.867815399169921875e+01
-7.867831420898437500e+01
-7.867823028564453125e+01
-7.867818450927734375e+01
-7.867820739746093750e+01
-7.867820739746093750e+01
-7.867821502685546875e+01
-7.867825317382812500e+01
-7.867819976806640625e+01
-7.867803955078125000e+01
-7.867826080322265625e+01
-7.867819976806640625e+01
-7.867823028564453125e+01
-7.867819213867187500e+01
-7.867824554443359375e+01
-7.867829132080078125e+01
-7.867825317382812500e+01
-7.867821502685546875e+01
-7.867822265625000000e+01
-7.867824554443359375e+01
-7.867832183837890625e+01
-7.867821502685546875e+01
-7.867833709716796875e+01
-7.867818450927734375e+01
-7.867819976806640625e+01
-7.867819976806640625e+01
-7.867832946777343750e+01
-7.867824554443359375e+01
-7.867832183837890625e+01
-7.867825317382812500e+01
-7.867825317382812500e+01
-7.867813873291015625e+01
-7.867816925048828125e+01
-7.867828369140625000e+01
-7.867812347412109375e+01
-7.867829132080078125e+01
-7.867820739746093750e+01
-7.867813873291015625e+01
-7.867819976806640625e+01
-7.867811584472656250e+01
-7.867815399169921875e+01
-7.867814636230468750e+01
-7.867823791503906250e+01
-7.867819976806640625e+01
-7.867819213867187500e+01
-7.867830657958984375e+01
-7.867818450927734375e+01
-7.867822265625000000e+01
-7.867827606201171875e+01
-7.867821502685546875e+01
-7.867815399169921875e+01
-7.867826080322265625e+01
-7.867821502685546875e+01
-7.867822265625000000e+01
-7.867824554443359375e+01
-7.867827606201171875e+01
-7.867826080322265625e+01
-7.867816925048828125e+01
-7.867826080322265625e+01
-7.867816925048828125e+01
-7.867828369140625000e+01
-7.867832183837890625e+01
-7.867823028564453125e+01
-7.867827606201171875e+01
-7.867828369140625000e+01
-7.867818450927734375e+01
-7.867813873291015625e+01
-7.867823028564453125e+01
-7.867823028564453125e+01
-7.867823791503906250e+01
-7.867818450927734375e+01
-7.867820739746093750e+01
-7.867819976806640625e+01
-7.867819976806640625e+01
-7.867823791503906250e+01
-7.867816925048828125e+01
-7.867821502685546875e+01
-7.867824554443359375e+01
-7.867826080322265625e+01
-7.867828369140625000e+01
-7.867821502685546875e+01
-7.867821502685546875e+01
-7.867830657958984375e+01
-7.867816925048828125e+01
-7.867827606201171875e+01
-7.867827606201171875e+01
-7.867821502685546875e+01
-7.867818450927734375e+01
-7.867827606201171875e+01
-7.867821502685546875e+01
-7.867823028564453125e+01
-7.867824554443359375e+01
-7.867826843261718750e+01
-7.867818450927734375e+01
-7.867823028564453125e+01
-7.867812347412109375e+01
-7.867826080322265625e+01
-7.867819976806640625e+01
-7.867821502685546875e+01
-7.867817687988281250e+01
-7.867823791503906250e+01
-7.867813873291015625e+01
-7.867829132080078125e+01
-7.867819976806640625e+01
-7.867814636230468750e+01
-7.867819976806640625e+01
-7.867820739746093750e+01
-7.867821502685546875e+01
-7.867819976806640625e+01
-7.867832183837890625e+01
-7.867824554443359375e+01
-7.867819976806640625e+01
-7.867818450927734375e+01
-7.867823028564453125e+01
-7.867812347412109375e+01
-7.867816925048828125e+01
-7.867816925048828125e+01
-7.867819976806640625e+01
-7.867813110351562500e+01
-7.867819213867187500e+01
-7.867829132080078125e+01
-7.867827606201171875e+01
-7.867815399169921875e+01
-7.867819976806640625e+01
-7.867824554443359375e+01
-7.867821502685546875e+01
-7.867815399169921875e+01
-7.867816925048828125e+01
-7.867818450927734375e+01
-7.867824554443359375e+01
-7.867823791503906250e+01
-7.867830657958984375e+01
-7.867819976806640625e+01
-7.867815399169921875e+01
-7.867824554443359375e+01
-7.867823028564453125e+01
-7.867811584472656250e+01
-7.867812347412109375e+01
-7.867824554443359375e+01
-7.867807006835937500e+01
-7.867819213867187500e+01
-7.867825317382812500e+01
-7.867823791503906250e+01
-7.867814636230468750e+01
-7.867816925048828125e+01
-7.867818450927734375e+01
-7.867825317382812500e+01
-7.867823791503906250e+01
-7.867821502685546875e+01
-7.867819213867187500e+01
-7.867822265625000000e+01
-7.867819213867187500e+01
-7.867823791503906250e+01
-7.867822265625000000e+01
-7.867816925048828125e+01
-7.867823791503906250e+01
-7.867810821533203125e+01
-7.867816925048828125e+01
-7.867810058593750000e+01
-7.867819213867187500e+01
-7.867823791503906250e+01
-7.867826843261718750e+01
-7.867820739746093750e+01
-7.867834472656250000e+01
-7.867821502685546875e+01
-7.867823028564453125e+01
-7.867823791503906250e+01
-7.867811584472656250e+01
-7.867814636230468750e+01
-7.867816925048828125e+01
-7.867819213867187500e+01
-7.867816162109375000e+01
-7.867819976806640625e+01
-7.867819976806640625e+01
-7.867819213867187500e+01
-7.867819213867187500e+01
-7.867811584472656250e+01
-7.867823028564453125e+01
-7.867819213867187500e+01
-7.867824554443359375e+01
-7.867822265625000000e+01
-7.867815399169921875e+01
-7.867824554443359375e+01
-7.867828369140625000e+01
-7.867827606201171875e+01
-7.867822265625000000e+01
-7.867813110351562500e+01
-7.867823791503906250e+01
-7.867815399169921875e+01
-7.867836761474609375e+01
-7.867825317382812500e+01
-7.867818450927734375e+01
-7.867816925048828125e+01
-7.867812347412109375e+01
-7.867814636230468750e+01
-7.867816162109375000e+01
-7.867825317382812500e+01
-7.867823791503906250e+01
-7.867816925048828125e+01
-7.867818450927734375e+01
-7.867816162109375000e+01
-7.867823028564453125e+01
-7.867814636230468750e+01
-7.867813110351562500e+01
-7.867820739746093750e+01
-7.867826843261718750e+01
-7.867815399169921875e+01
-7.867818450927734375e+01
-7.867824554443359375e+01
-7.867818450927734375e+01
-7.867816925048828125e+01
-7.867825317382812500e+01
-7.867823028564453125e+01
-7.867823028564453125e+01
-7.867822265625000000e+01
-7.867828369140625000e+01
-7.867816162109375000e+01
-7.867826843261718750e+01
-7.867816925048828125e+01
-7.867816925048828125e+01
-7.867818450927734375e+01
-7.867832183837890625e+01
-7.867819976806640625e+01
-7.867819976806640625e+01
-7.867826843261718750e+01
-7.867815399169921875e+01
-7.867817687988281250e+01
-7.867810821533203125e+01
-7.867816162109375000e+01
-7.867818450927734375e+01
-7.867811584472656250e+01
-7.867819213867187500e+01
-7.867822265625000000e+01
-7.867816162109375000e+01
-7.867816925048828125e+01
-7.867821502685546875e+01
-7.867819976806640625e+01
-7.867817687988281250e+01
-7.867819213867187500e+01
-7.867827606201171875e+01
-7.867832946777343750e+01
-7.867819213867187500e+01
-7.867813110351562500e+01
-7.867822265625000000e+01
-7.867820739746093750e+01
-7.867822265625000000e+01
-7.867820739746093750e+01
-7.867829895019531250e+01
-7.867823791503906250e+01
-7.867823791503906250e+01
-7.867821502685546875e+01
-7.867813110351562500e+01
-7.867820739746093750e+01
-7.867810058593750000e+01
-7.867824554443359375e+01
-7.867808532714843750e+01
-7.867823028564453125e+01
-7.867819976806640625e+01
-7.867822265625000000e+01
-7.867816162109375000e+01
-7.867817687988281250e+01
-7.867816162109375000e+01
-7.867822265625000000e+01
-7.867819213867187500e+01
-7.867813873291015625e+01
-7.867817687988281250e+01
-7.867821502685546875e+01
-7.867815399169921875e+01
-7.867819976806640625e+01
-7.867832183837890625e+01
-7.867813873291015625e+01
-7.867816925048828125e+01
-7.867826843261718750e+01
-7.867827606201171875e+01
-7.867813110351562500e+01
-7.867829132080078125e+01
-7.867819213867187500e+01
-7.867811584472656250e+01
-7.867809295654296875e+01
-7.867822265625000000e+01
-7.867820739746093750e+01
-7.867817687988281250e+01
-7.867829895019531250e+01
-7.867826843261718750e+01
-7.867823028564453125e+01
-7.867823028564453125e+01
-7.867823791503906250e+01
-7.867812347412109375e+01
-7.867832183837890625e+01
-7.867813873291015625e+01
-7.867822265625000000e+01
-7.867819213867187500e+01
-7.867823028564453125e+01
-7.867819976806640625e+01
-7.867812347412109375e+01
-7.867817687988281250e+01
-7.867820739746093750e+01
-7.867833709716796875e+01
-7.867813873291015625e+01
-7.867815399169921875e+01
-7.867820739746093750e+01
-7.867819213867187500e+01
-7.867821502685546875e+01
-7.867817687988281250e+01
-7.867821502685546875e+01
-7.867822265625000000e+01
-7.867817687988281250e+01
-7.867820739746093750e+01
-7.867819976806640625e+01
-7.867828369140625000e+01
-7.867817687988281250e+01
-7.867819213867187500e+01
-7.867816162109375000e+01
-7.867825317382812500e+01
-7.867825317382812500e+01
-7.867816162109375000e+01
-7.867820739746093750e+01
-7.867825317382812500e+01
-7.867825317382812500e+01
-7.867824554443359375e+01
-7.867816162109375000e+01
-7.867826080322265625e+01
-7.867819213867187500e+01
-7.867816925048828125e+01
-7.867817687988281250e+01
-7.867818450927734375e+01
-7.867822265625000000e+01
-7.867818450927734375e+01
-7.867829895019531250e+01
-7.867818450927734375e+01
-7.867820739746093750e+01
-7.867822265625000000e+01
-7.867823791503906250e+01
-7.867827606201171875e+01
-7.867822265625000000e+01
-7.867815399169921875e+01
-7.867822265625000000e+01
-7.867826843261718750e+01
-7.867825317382812500e+01
-7.867817687988281250e+01
-7.867829132080078125e+01
-7.867833709716796875e+01
-7.867816162109375000e+01
-7.867813873291015625e+01
-7.867819976806640625e+01
-7.867824554443359375e+01
-7.867828369140625000e+01
-7.867812347412109375e+01
-7.867827606201171875e+01
-7.867819976806640625e+01
-7.867815399169921875e+01
-7.867834472656250000e+01
-7.867820739746093750e+01
-7.867817687988281250e+01
-7.867818450927734375e+01
-7.867814636230468750e+01
-7.867811584472656250e+01
-7.867827606201171875e+01
-7.867821502685546875e+01
-7.867831420898437500e+01
-7.867817687988281250e+01
-7.867817687988281250e+01
-7.867819213867187500e+01
-7.867816925048828125e+01
-7.867816925048828125e+01
-7.867817687988281250e+01
-7.867819213867187500e+01
-7.867811584472656250e+01
-7.867826843261718750e+01
-7.867823028564453125e+01
-7.867823791503906250e+01
-7.867818450927734375e+01
-7.867810058593750000e+01
-7.867826080322265625e+01
-7.867825317382812500e+01
-7.867822265625000000e+01
-7.867820739746093750e+01
-7.867822265625000000e+01
-7.867823028564453125e+01
-7.867824554443359375e+01
-7.867816925048828125e+01
-7.867816925048828125e+01
-7.867829132080078125e+01
-7.867822265625000000e+01
-7.867829132080078125e+01
-7.867821502685546875e+01
-7.867823028564453125e+01
-7.867819213867187500e+01
-7.867819976806640625e+01
-7.867819213867187500e+01
-7.867818450927734375e+01
-7.867826080322265625e+01
-7.867820739746093750e+01
-7.867821502685546875e+01
-7.867812347412109375e+01
-7.867813110351562500e+01
-7.867824554443359375e+01
-7.867823028564453125e+01
-7.867822265625000000e+01
-7.867819976806640625e+01
-7.867815399169921875e+01
-7.867816925048828125e+01
-7.867823028564453125e+01
-7.867810058593750000e+01
-7.867814636230468750e+01
-7.867816925048828125e+01
-7.867826080322265625e+01
-7.867826843261718750e+01
-7.867826843261718750e+01
-7.867810821533203125e+01
-7.867825317382812500e+01
-7.867818450927734375e+01
-7.867831420898437500e+01
-7.867821502685546875e+01
-7.867820739746093750e+01
-7.867826843261718750e+01
-7.867819213867187500e+01
-7.867816925048828125e+01
-7.867826080322265625e+01
-7.867805480957031250e+01
-7.867812347412109375e+01
-7.867813873291015625e+01
-7.867820739746093750e+01
-7.867815399169921875e+01
-7.867819976806640625e+01
-7.867830657958984375e+01
-7.867816162109375000e+01
-7.867811584472656250e+01
-7.867822265625000000e+01
-7.867820739746093750e+01
-7.867821502685546875e+01
-7.867808532714843750e+01
-7.867818450927734375e+01
-7.867825317382812500e+01
-7.867827606201171875e+01
-7.867820739746093750e+01
-7.867824554443359375e+01
-7.867817687988281250e+01
-7.867827606201171875e+01
-7.867819976806640625e+01
-7.867822265625000000e+01
-7.867822265625000000e+01
-7.867822265625000000e+01
-7.867822265625000000e+01
-7.867819976806640625e+01
-7.867821502685546875e+01
-7.867813873291015625e+01
-7.867819976806640625e+01
-7.867814636230468750e+01
-7.867818450927734375e+01
-7.867817687988281250e+01
-7.867821502685546875e+01
-7.867823028564453125e+01
-7.867813873291015625e+01
-7.867814636230468750e+01
-7.867816162109375000e+01
-7.867829132080078125e+01
-7.867819213867187500e+01
-7.867816162109375000e+01
-7.867813110351562500e+01
-7.867811584472656250e+01
-7.867826843261718750e+01
-7.867828369140625000e+01
-7.867820739746093750e+01
-7.867829132080078125e+01
-7.867808532714843750e+01
-7.867824554443359375e+01
-7.867823791503906250e+01
-7.867821502685546875e+01
-7.867819213867187500e+01
-7.867815399169921875e+01
-7.867823028564453125e+01
-7.867822265625000000e+01
-7.867823028564453125e+01
-7.867819213867187500e+01
-7.867813110351562500e+01
-7.867823791503906250e+01
-7.867816925048828125e+01
-7.867811584472656250e+01
-7.867821502685546875e+01
-7.867825317382812500e+01
-7.867819213867187500e+01
-7.867819213867187500e+01
-7.867819976806640625e+01
-7.867823028564453125e+01
-7.867819213867187500e+01
-7.867823028564453125e+01
-7.867814636230468750e+01
-7.867831420898437500e+01
-7.867826843261718750e+01
-7.867824554443359375e+01
-7.867828369140625000e+01
-7.867821502685546875e+01
-7.867835235595703125e+01
-7.867816162109375000e+01
-7.867823791503906250e+01
-7.867827606201171875e+01
-7.867819976806640625e+01
-7.867816162109375000e+01
-7.867823791503906250e+01
-7.867817687988281250e+01
-7.867823791503906250e+01
-7.867822265625000000e+01
-7.867817687988281250e+01
-7.867819976806640625e+01
-7.867819213867187500e+01
-7.867816162109375000e+01
-7.867816162109375000e+01
-7.867818450927734375e+01
-7.867815399169921875e+01
-7.867826843261718750e+01
-7.867825317382812500e+01
-7.867829132080078125e+01
-7.867820739746093750e+01
-7.867820739746093750e+01
-7.867821502685546875e+01
-7.867823791503906250e+01
-7.867813110351562500e+01
-7.867820739746093750e+01
-7.867825317382812500e+01
-7.867829132080078125e+01
-7.867821502685546875e+01
-7.867822265625000000e+01
-7.867813873291015625e+01
-7.867816162109375000e+01
-7.867822265625000000e+01
-7.867825317382812500e+01
-7.867826843261718750e+01
-7.867824554443359375e+01
-7.867818450927734375e+01
-7.867819213867187500e+01
-7.867829132080078125e+01
-7.867834472656250000e+01
-7.867825317382812500e+01
-7.867820739746093750e+01
-7.867823028564453125e+01
-7.867824554443359375e+01
-7.867817687988281250e+01
-7.867827606201171875e+01
-7.867813873291015625e+01
-7.867820739746093750e+01
-7.867823028564453125e+01
-7.867822265625000000e+01
-7.867819213867187500e+01
-7.867818450927734375e+01
-7.867816925048828125e+01
-7.867822265625000000e+01
-7.867823028564453125e+01
-7.867819213867187500e+01
-7.867821502685546875e+01
-7.867819213867187500e+01
-7.867818450927734375e+01
-7.867819976806640625e+01
-7.867819976806640625e+01
-7.867823028564453125e+01
-7.867821502685546875e+01
-7.867822265625000000e+01
-7.867811584472656250e+01
-7.867808532714843750e+01
-7.867820739746093750e+01
-7.867818450927734375e+01
-7.867822265625000000e+01
-7.867826843261718750e+01
-7.867819213867187500e+01
-7.867823791503906250e+01
-7.867820739746093750e+01
-7.867814636230468750e+01
-7.867822265625000000e+01
-7.867820739746093750e+01
-7.867832946777343750e+01
-7.867826843261718750e+01
-7.867818450927734375e+01
-7.867829132080078125e+01
-7.867823028564453125e+01
-7.867827606201171875e+01
-7.867815399169921875e+01
-7.867819976806640625e+01
-7.867829895019531250e+01
-7.867816162109375000e+01
-7.867825317382812500e+01
-7.867830657958984375e+01
-7.867823028564453125e+01
-7.867823791503906250e+01
-7.867821502685546875e+01
-7.867823028564453125e+01
-7.867819976806640625e+01
-7.867829132080078125e+01
-7.867819213867187500e+01
-7.867819213867187500e+01
-7.867831420898437500e+01
-7.867824554443359375e+01
-7.867821502685546875e+01
-7.867830657958984375e+01
-7.867829132080078125e+01
-7.867818450927734375e+01
-7.867813873291015625e+01
-7.867813873291015625e+01
-7.867811584472656250e+01
-7.867829132080078125e+01
-7.867823028564453125e+01
-7.867813110351562500e+01
-7.867817687988281250e+01
-7.867823028564453125e+01
-7.867829132080078125e+01
-7.867825317382812500e+01
-7.867816162109375000e+01
-7.867817687988281250e+01
-7.867820739746093750e+01
-7.867825317382812500e+01
-7.867829132080078125e+01
-7.867819976806640625e+01
-7.867816162109375000e+01
-7.867829132080078125e+01
-7.867823028564453125e+01
-7.867826843261718750e+01
-7.867826080322265625e+01
-7.867818450927734375e+01
-7.867822265625000000e+01
-7.867829132080078125e+01
-7.867827606201171875e+01
-7.867826080322265625e+01
-7.867826080322265625e+01
-7.867823791503906250e+01
-7.867826080322265625e+01
-7.867826843261718750e+01
-7.867816162109375000e+01
-7.867830657958984375e+01
-7.867824554443359375e+01
-7.867828369140625000e+01
-7.867829132080078125e+01
-7.867820739746093750e+01
-7.867824554443359375e+01
-7.867823028564453125e+01
-7.867820739746093750e+01
-7.867828369140625000e+01
-7.867814636230468750e+01
-7.867824554443359375e+01
-7.867822265625000000e+01
-7.867829132080078125e+01
-7.867819213867187500e+01
-7.867819213867187500e+01
-7.867826843261718750e+01
-7.867825317382812500e+01
-7.867824554443359375e+01
-7.867825317382812500e+01
-7.867826843261718750e+01
-7.867819976806640625e+01
-7.867814636230468750e+01
-7.867819976806640625e+01
-7.867814636230468750e+01
-7.867823791503906250e+01
-7.867819976806640625e+01
-7.867819213867187500e+01
-7.867820739746093750e+01
-7.867825317382812500e+01
-7.867826080322265625e+01
-7.867818450927734375e+01
-7.867828369140625000e+01
-7.867817687988281250e+01
-7.867823791503906250e+01
-7.867816925048828125e+01
-7.867819976806640625e+01
-7.867822265625000000e+01
-7.867816162109375000e+01
-7.867826843261718750e+01
-7.867813110351562500e+01
-7.867819976806640625e+01
-7.867809295654296875e+01
-7.867810058593750000e+01
-7.867821502685546875e+01
-7.867829132080078125e+01
-7.867820739746093750e+01
-7.867813110351562500e+01
-7.867823791503906250e+01
-7.867819213867187500e+01
-7.867819976806640625e+01
-7.867815399169921875e+01
-7.867816162109375000e+01
-7.867819213867187500e+01
-7.867816925048828125e+01
-7.867821502685546875e+01
-7.867812347412109375e+01
-7.867832183837890625e+01
-7.867819213867187500e+01
-7.867823791503906250e+01
-7.867828369140625000e+01
-7.867823791503906250e+01
-7.867825317382812500e+01
-7.867819976806640625e+01
-7.867824554443359375e+01
-7.867829895019531250e+01
-7.867818450927734375e+01
-7.867822265625000000e+01
-7.867810821533203125e+01
-7.867823028564453125e+01
-7.867819213867187500e+01
-7.867821502685546875e+01
-7.867816162109375000e+01
-7.867819976806640625e+01
-7.867828369140625000e+01
-7.867816925048828125e+01
-7.867819976806640625e+01
-7.867819213867187500e+01
-7.867822265625000000e+01
-7.867825317382812500e+01
-7.867826843261718750e+01
-7.867816162109375000e+01
-7.867824554443359375e+01
-7.867818450927734375e+01
-7.867821502685546875e+01
-7.867825317382812500e+01
-7.867822265625000000e+01
-7.867824554443359375e+01
-7.867821502685546875e+01
-7.867826080322265625e+01
-7.867829895019531250e+01
-7.867814636230468750e+01
-7.867823028564453125e+01
-7.867813110351562500e+01
-7.867825317382812500e+01
-7.867822265625000000e+01
-7.867820739746093750e+01
-7.867821502685546875e+01
-7.867819213867187500e+01
-7.867824554443359375e+01
-7.867810821533203125e+01
-7.867814636230468750e+01
-7.867818450927734375e+01
-7.867819976806640625e+01
-7.867829895019531250e+01
-7.867820739746093750e+01
-7.867811584472656250e+01
-7.867822265625000000e+01
-7.867829895019531250e+01
-7.867821502685546875e+01
-7.867823028564453125e+01
-7.867816162109375000e+01
-7.867823791503906250e+01
-7.867819976806640625e+01
-7.867819976806640625e+01
-7.867817687988281250e+01
-7.867825317382812500e+01
-7.867825317382812500e+01
-7.867825317382812500e+01
-7.867824554443359375e+01
-7.867820739746093750e+01
-7.867817687988281250e+01
-7.867816162109375000e+01
-7.867809295654296875e+01
-7.867813110351562500e+01
-7.867826080322265625e+01
-7.867832946777343750e+01
-7.867811584472656250e+01
-7.867807769775390625e+01
-7.867810821533203125e+01
-7.867823028564453125e+01
-7.867826080322265625e+01
-7.867816162109375000e+01
-7.867810821533203125e+01
-7.867825317382812500e+01
-7.867811584472656250e+01
-7.867823791503906250e+01
-7.867822265625000000e+01
-7.867815399169921875e+01
-7.867827606201171875e+01
-7.867820739746093750e+01
-7.867810058593750000e+01
-7.867823028564453125e+01
-7.867813873291015625e+01
-7.867815399169921875e+01
-7.867825317382812500e+01
-7.867823791503906250e+01
-7.867822265625000000e+01
-7.867821502685546875e+01
-7.867813110351562500e+01
-7.867815399169921875e+01
-7.867819213867187500e+01
-7.867817687988281250e+01
-7.867825317382812500e+01
-7.867819213867187500e+01
-7.867826843261718750e+01
-7.867821502685546875e+01
-7.867813873291015625e+01
-7.867820739746093750e+01
-7.867817687988281250e+01
-7.867818450927734375e+01
-7.867818450927734375e+01
-7.867822265625000000e+01
-7.867817687988281250e+01
-7.867831420898437500e+01
-7.867815399169921875e+01
-7.867826080322265625e+01
-7.867822265625000000e+01
-7.867817687988281250e+01
-7.867817687988281250e+01
-7.867826843261718750e+01
-7.867825317382812500e+01
-7.867821502685546875e+01
-7.867819213867187500e+01
-7.867819976806640625e+01
-7.867823028564453125e+01
-7.867815399169921875e+01
-7.867821502685546875e+01
-7.867816925048828125e+01
-7.867814636230468750e+01
-7.867820739746093750e+01
-7.867816925048828125e+01
-7.867821502685546875e+01
-7.867822265625000000e+01
-7.867822265625000000e+01
-7.867829132080078125e+01
-7.867819213867187500e+01
-7.867826080322265625e+01
-7.867815399169921875e+01
-7.867826080322265625e+01
-7.867814636230468750e+01
-7.867812347412109375e+01
-7.867815399169921875e+01
-7.867816925048828125e+01
-7.867821502685546875e+01
-7.867816925048828125e+01
-7.867816925048828125e+01
-7.867826843261718750e+01
-7.867822265625000000e+01
-7.867820739746093750e+01
-7.867828369140625000e+01
-7.867825317382812500e+01
-7.867819213867187500e+01
-7.867819213867187500e+01
-7.867817687988281250e+01
-7.867821502685546875e+01
-7.867811584472656250e+01
-7.867816162109375000e+01
-7.867823791503906250e+01
-7.867826080322265625e+01
-7.867816162109375000e+01
-7.867821502685546875e+01
-7.867810058593750000e+01
-7.867819213867187500e+01
-7.867813110351562500e+01
-7.867829895019531250e+01
-7.867819213867187500e+01
-7.867819976806640625e+01
-7.867814636230468750e+01
-7.867812347412109375e+01
-7.867819213867187500e+01
-7.867823791503906250e+01
-7.867823791503906250e+01
-7.867815399169921875e+01
-7.867825317382812500e+01
-7.867822265625000000e+01
-7.867819976806640625e+01
-7.867816162109375000e+01
-7.867822265625000000e+01
-7.867825317382812500e+01
-7.867825317382812500e+01
-7.867816162109375000e+01
-7.867818450927734375e+01
-7.867822265625000000e+01
-7.867826080322265625e+01
-7.867819213867187500e+01
-7.867828369140625000e+01
-7.867813873291015625e+01
-7.867810821533203125e+01
-7.867823028564453125e+01
-7.867829132080078125e+01
-7.867815399169921875e+01
-7.867813110351562500e+01
-7.867815399169921875e+01
-7.867816925048828125e+01
-7.867823791503906250e+01
-7.867819213867187500e+01
-7.867813873291015625e+01
-7.867821502685546875e+01
-7.867818450927734375e+01
-7.867823791503906250e+01
-7.867819213867187500e+01
-7.867827606201171875e+01
-7.867818450927734375e+01
-7.867826843261718750e+01
-7.867823028564453125e+01
-7.867820739746093750e+01
-7.867816162109375000e+01
-7.867821502685546875e+01
-7.867822265625000000e+01
-7.867820739746093750e+01
-7.867823028564453125e+01
-7.867823028564453125e+01
-7.867819213867187500e+01
-7.867820739746093750e+01
-7.867822265625000000e+01
-7.867823791503906250e+01
-7.867824554443359375e+01
-7.867826843261718750e+01
-7.867821502685546875e+01
-7.867823028564453125e+01
-7.867816925048828125e+01
-7.867819976806640625e+01
-7.867819213867187500e+01
-7.867814636230468750e+01
-7.867819213867187500e+01
-7.867812347412109375e+01
-7.867819213867187500e+01
-7.867823791503906250e+01
-7.867830657958984375e+01
-7.867830657958984375e+01
-7.867820739746093750e+01
-7.867825317382812500e+01
-7.867819976806640625e+01
-7.867829132080078125e+01
-7.867821502685546875e+01
-7.867820739746093750e+01
-7.867823028564453125e+01
-7.867815399169921875e+01
-7.867827606201171875e+01
-7.867821502685546875e+01
-7.867817687988281250e+01
-7.867820739746093750e+01
-7.867831420898437500e+01
-7.867819976806640625e+01
-7.867815399169921875e+01
-7.867818450927734375e+01
-7.867818450927734375e+01
-7.867828369140625000e+01
-7.867824554443359375e+01
-7.867822265625000000e+01
-7.867819976806640625e+01
-7.867814636230468750e+01
-7.867810821533203125e+01
-7.867826843261718750e+01
-7.867833709716796875e+01
-7.867829132080078125e+01
-7.867819213867187500e+01
-7.867819976806640625e+01
-7.867819213867187500e+01
-7.867811584472656250e+01
-7.867819213867187500e+01
-7.867819976806640625e+01
-7.867820739746093750e+01
-7.867819976806640625e+01
-7.867816925048828125e+01
-7.867818450927734375e+01
-7.867826080322265625e+01
-7.867823028564453125e+01
-7.867825317382812500e+01
-7.867822265625000000e+01
-7.867815399169921875e+01
-7.867822265625000000e+01
-7.867816925048828125e+01
-7.867829132080078125e+01
-7.867819976806640625e+01
-7.867810058593750000e+01
-7.867810058593750000e+01
-7.867827606201171875e+01
-7.867826843261718750e+01
-7.867826080322265625e+01
-7.867823791503906250e+01
-7.867822265625000000e+01
-7.867824554443359375e+01
-7.867826843261718750e+01
-7.867824554443359375e+01
-7.867826080322265625e+01
-7.867824554443359375e+01
-7.867814636230468750e+01
-7.867821502685546875e+01
-7.867827606201171875e+01
-7.867829895019531250e+01
-7.867819976806640625e+01
-7.867818450927734375e+01
-7.867826843261718750e+01
-7.867821502685546875e+01
-7.867825317382812500e+01
-7.867821502685546875e+01
-7.867823791503906250e+01
-7.867821502685546875e+01
-7.867820739746093750e+01
-7.867819213867187500e+01
-7.867814636230468750e+01
-7.867810058593750000e+01
-7.867822265625000000e+01
-7.867812347412109375e+01
-7.867815399169921875e+01
-7.867823028564453125e+01
-7.867807769775390625e+01
-7.867820739746093750e+01
-7.867812347412109375e+01
-7.867819976806640625e+01
-7.867827606201171875e+01
-7.867819976806640625e+01
-7.867825317382812500e+01
-7.867822265625000000e+01
-7.867822265625000000e+01
-7.867812347412109375e+01
-7.867821502685546875e+01
-7.867823028564453125e+01
-7.867816925048828125e+01
-7.867816925048828125e+01
-7.867828369140625000e+01
-7.867812347412109375e+01
-7.867829132080078125e+01
-7.867818450927734375e+01
-7.867826080322265625e+01
-7.867832183837890625e+01
-7.867831420898437500e+01
-7.867821502685546875e+01
-7.867828369140625000e+01
-7.867826843261718750e+01
-7.867830657958984375e+01
-7.867826080322265625e+01
-7.867819213867187500e+01
-7.867828369140625000e+01
-7.867820739746093750e+01
-7.867816162109375000e+01
-7.867815399169921875e+01
-7.867824554443359375e+01
-7.867826843261718750e+01
-7.867821502685546875e+01
-7.867814636230468750e+01
-7.867813873291015625e+01
-7.867819213867187500e+01
-7.867824554443359375e+01
-7.867821502685546875e+01
-7.867816162109375000e+01
-7.867816925048828125e+01
-7.867822265625000000e+01
-7.867821502685546875e+01
-7.867820739746093750e+01
-7.867821502685546875e+01
-7.867810821533203125e+01
-7.867817687988281250e+01
-7.867822265625000000e+01
-7.867819976806640625e+01
-7.867825317382812500e+01
-7.867816162109375000e+01
-7.867828369140625000e+01
-7.867825317382812500e+01
-7.867825317382812500e+01
-7.867821502685546875e+01
-7.867819213867187500e+01
-7.867821502685546875e+01
-7.867819213867187500e+01
-7.867818450927734375e+01
-7.867829895019531250e+01
-7.867826080322265625e+01
-7.867828369140625000e+01
-7.867816162109375000e+01
-7.867821502685546875e+01
-7.867822265625000000e+01
-7.867810058593750000e+01
-7.867816162109375000e+01
-7.867835998535156250e+01
-7.867826080322265625e+01
-7.867826080322265625e+01
-7.867816162109375000e+01
-7.867830657958984375e+01
-7.867826843261718750e+01
-7.867823791503906250e+01
-7.867819976806640625e+01
-7.867817687988281250e+01
-7.867816925048828125e+01
-7.867821502685546875e+01
-7.867819976806640625e+01
-7.867820739746093750e+01
-7.867826843261718750e+01
-7.867826080322265625e+01
-7.867816925048828125e+01
-7.867823028564453125e+01
-7.867826843261718750e+01
-7.867820739746093750e+01
-7.867816162109375000e+01
-7.867817687988281250e+01
-7.867823028564453125e+01
-7.867819213867187500e+01
-7.867822265625000000e+01
-7.867825317382812500e+01
-7.867826080322265625e+01
-7.867819976806640625e+01
-7.867823028564453125e+01
-7.867819213867187500e+01
-7.867822265625000000e+01
-7.867824554443359375e+01
-7.867819976806640625e+01
-7.867821502685546875e+01
-7.867822265625000000e+01
-7.867826843261718750e+01
-7.867819976806640625e+01
-7.867826080322265625e+01
-7.867821502685546875e+01
-7.867827606201171875e+01
-7.867826080322265625e+01
-7.867826843261718750e+01
-7.867825317382812500e+01
-7.867808532714843750e+01
-7.867830657958984375e+01
-7.867811584472656250e+01
-7.867830657958984375e+01
-7.867823028564453125e+01
-7.867821502685546875e+01
-7.867829132080078125e+01
-7.867817687988281250e+01
-7.867829132080078125e+01
-7.867816162109375000e+01
-7.867824554443359375e+01
-7.867816925048828125e+01
-7.867821502685546875e+01
-7.867812347412109375e+01
-7.867808532714843750e+01
-7.867827606201171875e+01
-7.867815399169921875e+01
-7.867815399169921875e+01
-7.867819213867187500e+01
-7.867821502685546875e+01
-7.867816925048828125e+01
-7.867826080322265625e+01
-7.867828369140625000e+01
-7.867810058593750000e+01
-7.867821502685546875e+01
-7.867816162109375000e+01
-7.867813873291015625e+01
-7.867826843261718750e+01
-7.867819976806640625e+01
-7.867814636230468750e+01
-7.867825317382812500e+01
-7.867818450927734375e+01
-7.867826080322265625e+01
-7.867813110351562500e+01
-7.867813873291015625e+01
-7.867818450927734375e+01
-7.867819213867187500e+01
-7.867824554443359375e+01
-7.867822265625000000e+01
-7.867821502685546875e+01
-7.867816162109375000e+01
-7.867816162109375000e+01
-7.867818450927734375e+01
-7.867821502685546875e+01
-7.867823791503906250e+01
-7.867823791503906250e+01
-7.867819976806640625e+01
-7.867819213867187500e+01
-7.867823791503906250e+01
-7.867817687988281250e+01
-7.867822265625000000e+01
-7.867816162109375000e+01
-7.867816162109375000e+01
-7.867813873291015625e+01
-7.867829895019531250e+01
-7.867820739746093750e+01
-7.867813110351562500e+01
-7.867823028564453125e+01
-7.867818450927734375e+01
-7.867818450927734375e+01
-7.867815399169921875e+01
-7.867819976806640625e+01
-7.867825317382812500e+01
-7.867820739746093750e+01
-7.867819213867187500e+01
-7.867817687988281250e+01
-7.867826080322265625e+01
-7.867820739746093750e+01
-7.867818450927734375e+01
-7.867824554443359375e+01
-7.867823791503906250e+01
-7.867823791503906250e+01
-7.867817687988281250e+01
-7.867820739746093750e+01
-7.867819976806640625e+01
-7.867824554443359375e+01
-7.867823028564453125e+01
-7.867829895019531250e+01
-7.867829132080078125e+01
-7.867828369140625000e+01
-7.867824554443359375e+01
-7.867823028564453125e+01
-7.867819213867187500e+01
-7.867824554443359375e+01
-7.867812347412109375e+01
-7.867830657958984375e+01
-7.867822265625000000e+01
-7.867823791503906250e+01
-7.867819976806640625e+01
-7.867813873291015625e+01
-7.867819213867187500e+01
-7.867819976806640625e+01
-7.867814636230468750e+01
-7.867823028564453125e+01
-7.867820739746093750e+01
-7.867824554443359375e+01
-7.867823028564453125e+01
-7.867822265625000000e+01
-7.867822265625000000e+01
-7.867816925048828125e+01
-7.867816925048828125e+01
-7.867823028564453125e+01
-7.867826080322265625e+01
-7.867825317382812500e+01
-7.867829132080078125e+01
-7.867816925048828125e+01
-7.867815399169921875e+01
-7.867823791503906250e+01
-7.867813110351562500e+01
-7.867823028564453125e+01
-7.867822265625000000e+01
-7.867825317382812500e+01
-7.867819213867187500e+01
-7.867820739746093750e+01
-7.867824554443359375e+01
-7.867816162109375000e+01
-7.867818450927734375e+01
-7.867810821533203125e+01
-7.867819976806640625e+01
-7.867823791503906250e+01
-7.867820739746093750e+01
-7.867814636230468750e+01
-7.867822265625000000e+01
-7.867824554443359375e+01
-7.867821502685546875e+01
-7.867823791503906250e+01
-7.867823791503906250e+01
-7.867823791503906250e+01
-7.867827606201171875e+01
-7.867823791503906250e+01
-7.867815399169921875e+01
-7.867820739746093750e+01
-7.867816925048828125e+01
-7.867830657958984375e+01
-7.867821502685546875e+01
-7.867830657958984375e+01
-7.867817687988281250e+01
-7.867813873291015625e+01
-7.867815399169921875e+01
-7.867819213867187500e+01
-7.867820739746093750e+01
-7.867824554443359375e+01
-7.867814636230468750e+01
-7.867824554443359375e+01
-7.867816162109375000e+01
-7.867813873291015625e+01
-7.867829895019531250e+01
-7.867822265625000000e+01
-7.867818450927734375e+01
-7.867819976806640625e+01
-7.867823791503906250e+01
-7.867825317382812500e+01
-7.867824554443359375e+01
-7.867824554443359375e+01
-7.867818450927734375e+01
-7.867827606201171875e+01
-7.867821502685546875e+01
-7.867817687988281250e+01
-7.867824554443359375e+01
-7.867823028564453125e+01
-7.867826080322265625e+01
-7.867829895019531250e+01
-7.867833709716796875e+01
-7.867823791503906250e+01
-7.867815399169921875e+01
-7.867816162109375000e+01
-7.867826080322265625e+01
-7.867829132080078125e+01
-7.867818450927734375e+01
-7.867815399169921875e+01
-7.867809295654296875e+01
-7.867826080322265625e+01
-7.867824554443359375e+01
-7.867829132080078125e+01
-7.867822265625000000e+01
-7.867824554443359375e+01
-7.867823028564453125e+01
-7.867822265625000000e+01
-7.867820739746093750e+01
-7.867823791503906250e+01
-7.867819976806640625e+01
-7.867816925048828125e+01
-7.867810821533203125e+01
-7.867823791503906250e+01
-7.867817687988281250e+01
-7.867821502685546875e+01
-7.867825317382812500e+01
-7.867819976806640625e+01
-7.867816162109375000e+01
-7.867816162109375000e+01
-7.867823791503906250e+01
-7.867822265625000000e+01
-7.867814636230468750e+01
-7.867822265625000000e+01
-7.867826080322265625e+01
-7.867819976806640625e+01
-7.867812347412109375e+01
-7.867823791503906250e+01
-7.867815399169921875e+01
-7.867813873291015625e+01
-7.867821502685546875e+01
-7.867826080322265625e+01
-7.867819976806640625e+01
-7.867811584472656250e+01
-7.867815399169921875e+01
-7.867820739746093750e+01
