-7.703853130340576172e+00
-3.661058044433593750e+01
-5.071804428100585938e+01
-4.515284729003906250e+01
-4.134222412109375000e+01
-4.603897857666015625e+01
-5.462424087524414062e+01
-6.210053634643554688e+01
-6.669386291503906250e+01
-6.880966186523437500e+01
-6.945919799804687500e+01
-6.999478149414062500e+01
-7.053226470947265625e+01
-7.045014953613281250e+01
-7.021775817871093750e+01
-7.056543731689453125e+01
-7.160010528564453125e+01
-7.294586181640625000e+01
-7.417063140869140625e+01
-7.505217742919921875e+01
-7.554902648925781250e+01
-7.569227600097656250e+01
-7.558731079101562500e+01
-7.541078948974609375e+01
-7.532357788085937500e+01
-7.542745208740234375e+01
-7.576693725585937500e+01
-7.630109405517578125e+01
-7.688269805908203125e+01
-7.732480621337890625e+01
-7.752748870849609375e+01
-7.752840423583984375e+01
-7.743898773193359375e+01
-7.736206054687500000e+01
-7.736080169677734375e+01
-7.745556640625000000e+01
-7.762268829345703125e+01
-7.781224060058593750e+01
-7.797896575927734375e+01
-7.809255218505859375e+01
-7.813842773437500000e+01
-7.812022399902343750e+01
-7.806604003906250000e+01
-7.802436065673828125e+01
-7.804280853271484375e+01
-7.814056396484375000e+01
-7.829393768310546875e+01
-7.844796752929687500e+01
-7.854689788818359375e+01
-7.856520843505859375e+01
-7.852182006835937500e+01
-7.846376037597656250e+01
-7.843592071533203125e+01
-7.845678710937500000e+01
-7.851482391357421875e+01
-7.857999420166015625e+01
-7.862372589111328125e+01
-7.863179016113281250e+01
-7.860913848876953125e+01
-7.857566833496093750e+01
-7.855318450927734375e+01
-7.855531311035156250e+01
-7.858048248291015625e+01
-7.861467742919921875e+01
-7.864134979248046875e+01
-7.865093994140625000e+01
-7.864579010009765625e+01
-7.863612365722656250e+01
-7.863205718994140625e+01
-7.863726043701171875e+01
-7.864840698242187500e+01
-7.865957641601562500e+01
-7.866630554199218750e+01
-7.866770935058593750e+01
-7.866527557373046875e+01
-7.866150665283203125e+01
-7.865864562988281250e+01
-7.865805053710937500e+01
-7.866007995605468750e+01
-7.866378021240234375e+01
-7.866776275634765625e+01
-7.867042541503906250e+01
-7.867145538330078125e+01
-7.867131042480468750e+01
-7.867123413085937500e+01
-7.867161560058593750e+01
-7.867270660400390625e+01
-7.867410278320312500e+01
-7.867524719238281250e+01
-7.867564392089843750e+01
-7.867549133300781250e+01
-7.867487335205078125e+01
-7.867441558837890625e+01
-7.867445373535156250e+01
-7.867509460449218750e+01
-7.867591094970703125e+01
-7.867652893066406250e+01
-7.867677307128906250e+01
-7.867669677734375000e+01
-7.867666625976562500e+01
-7.867689514160156250e+01
-7.867716979980468750e+01
-7.867739105224609375e+01
-7.867747497558593750e+01
-7.867742919921875000e+01
-7.867747497558593750e+01
-7.867753601074218750e+01
-7.867767333984375000e+01
-7.867774200439453125e+01
-7.867777252197265625e+01
-7.867774200439453125e+01
-7.867771148681640625e+01
-7.867773437500000000e+01
-7.867778015136718750e+01
-7.867794799804687500e+01
-7.867805480957031250e+01
-7.867805480957031250e+01
-7.867803192138671875e+01
-7.867796325683593750e+01
-7.867797088623046875e+01
-7.867803192138671875e+01
-7.867813110351562500e+01
-7.867820739746093750e+01
-7.867816925048828125e+01
-7.867812347412109375e+01
-7.867811584472656250e+01
-7.867813110351562500e+01
-7.867811584472656250e+01
-7.867816925048828125e+01
-7.867816925048828125e+01
-7.867814636230468750e+01
-7.867818450927734375e+01
-7.867823791503906250e+01
-7.867816925048828125e+01
-7.867816162109375000e+01
-7.867820739746093750e+01
-7.867819976806640625e+01
-7.867823028564453125e+01
-7.867820739746093750e+01
-7.867825317382812500e+01
-7.867819213867187500e+01
-7.867819976806640625e+01
-7.867819976806640625e+01
-7.867821502685546875e+01
-7.867819976806640625e+01
-7.867827606201171875e+01
-7.867819213867187500e+01
-7.867822265625000000e+01
-7.867819213867187500e+01
-7.867822265625000000e+01
-7.867823791503906250e+01
-7.867823791503906250e+01
-7.867823028564453125e+01
-7.867828369140625000e+01
-7.867823028564453125e+01
-7.867822265625000000e+01
-7.867822265625000000e+01
-7.867825317382812500e+01
-7.867828369140625000e+01
-7.867823791503906250e+01
-7.867823791503906250e+01
-7.867827606201171875e+01
-7.867824554443359375e+01
-7.867826843261718750e+01
-7.867827606201171875e+01
-7.867823791503906250e+01
-7.867825317382812500e+01
-7.867823791503906250e+01
-7.867824554443359375e+01
-7.867822265625000000e+01
-7.867824554443359375e+01
-7.867826080322265625e+01
-7.867826080322265625e+01
-7.867823028564453125e+01
-7.867823791503906250e+01
-7.867822265625000000e+01
-7.867824554443359375e+01
-7.867828369140625000e+01
-7.867822265625000000e+01
-7.867823791503906250e+01
-7.867826080322265625e+01
-7.867826843261718750e+01
-7.867821502685546875e+01
-7.867826843261718750e+01
-7.867825317382812500e+01
-7.867824554443359375e+01
-7.867826080322265625e+01
-7.867823028564453125e+01
-7.867822265625000000e+01
-7.867821502685546875e+01
-7.867823791503906250e+01
-7.867823028564453125e+01
-7.867823028564453125e+01
-7.867825317382812500e+01
-7.867823028564453125e+01
-7.867823028564453125e+01
-7.867823028564453125e+01
-7.867821502685546875e+01
-7.867821502685546875e+01
-7.867824554443359375e+01
-7.867823028564453125e+01
-7.867823791503906250e+01
-7.867825317382812500e+01
-7.867823028564453125e+01
-7.867822265625000000e+01
-7.867821502685546875e+01
-7.867822265625000000e+01
-7.867822265625000000e+01
-7.867820739746093750e+01
-7.867823791503906250e+01
-7.867823791503906250e+01
-7.867823028564453125e+01
-7.867823028564453125e+01
-7.867825317382812500e+01
-7.867821502685546875e+01
-7.867822265625000000e+01
-7.867826080322265625e+01
-7.867823791503906250e+01
-7.867823028564453125e+01
-7.867823028564453125e+01
-7.867824554443359375e+01
-7.867822265625000000e+01
-7.867825317382812500e+01
-7.867823028564453125e+01
-7.867823028564453125e+01
-7.867823791503906250e+01
-7.867822265625000000e+01
-7.867823791503906250e+01
-7.867823028564453125e+01
-7.867823028564453125e+01
-7.867823028564453125e+01
-7.867819213867187500e+01
-7.867823791503906250e+01
-7.867819213867187500e+01
-7.867819213867187500e+01
-7.867822265625000000e+01
-7.867823028564453125e+01
-7.867823791503906250e+01
-7.867823028564453125e+01
-7.867823791503906250e+01
-7.867820739746093750e+01
-7.867823791503906250e+01
-7.867824554443359375e+01
-7.867826080322265625e+01
-7.867821502685546875e+01
-7.867824554443359375e+01
-7.867823028564453125e+01
-7.867821502685546875e+01
-7.867821502685546875e+01
-7.867822265625000000e+01
-7.867825317382812500e+01
-7.867823791503906250e+01
-7.867820739746093750e+01
-7.867820739746093750e+01
-7.867823791503906250e+01
-7.867824554443359375e+01
-7.867825317382812500e+01
-7.867825317382812500e+01
-7.867822265625000000e+01
-7.867823028564453125e+01
-7.867823791503906250e+01
-7.867824554443359375e+01
-7.867822265625000000e+01
-7.867825317382812500e+01
-7.867821502685546875e+01
-7.867822265625000000e+01
-7.867823791503906250e+01
-7.867819976806640625e+01
-7.867826080322265625e+01
-7.867824554443359375e+01
-7.867822265625000000e+01
-7.867826080322265625e+01
-7.867823791503906250e+01
-7.867823791503906250e+01
-7.867824554443359375e+01
-7.867822265625000000e+01
-7.867823028564453125e+01
-7.867823791503906250e+01
-7.867823028564453125e+01
-7.867815399169921875e+01
-7.867823791503906250e+01
-7.867823791503906250e+01
-7.867821502685546875e+01
-7.867821502685546875e+01
-7.867823028564453125e+01
-7.867819213867187500e+01
-7.867823791503906250e+01
-7.867821502685546875e+01
-7.867823791503906250e+01
-7.867823028564453125e+01
-7.867823028564453125e+01
-7.867821502685546875e+01
-7.867825317382812500e+01
-7.867819976806640625e+01
-7.867824554443359375e+01
-7.867825317382812500e+01
-7.867822265625000000e+01
-7.867822265625000000e+01
-7.867823791503906250e+01
-7.867822265625000000e+01
-7.867820739746093750e+01
-7.867824554443359375e+01
-7.867819213867187500e+01
-7.867823791503906250e+01
-7.867819976806640625e+01
-7.867820739746093750e+01
-7.867820739746093750e+01
-7.867818450927734375e+01
-7.867825317382812500e+01
-7.867823028564453125e+01
-7.867823791503906250e+01
-7.867823028564453125e+01
-7.867823791503906250e+01
-7.867825317382812500e+01
-7.867822265625000000e+01
-7.867823791503906250e+01
-7.867825317382812500e+01
-7.867826080322265625e+01
-7.867823028564453125e+01
-7.867823028564453125e+01
-7.867821502685546875e+01
-7.867820739746093750e+01
-7.867823791503906250e+01
-7.867821502685546875e+01
-7.867823791503906250e+01
-7.867822265625000000e+01
-7.867823791503906250e+01
-7.867820739746093750e+01
-7.867823791503906250e+01
-7.867824554443359375e+01
-7.867823791503906250e+01
-7.867824554443359375e+01
-7.867824554443359375e+01
-7.867823028564453125e+01
-7.867822265625000000e+01
-7.867821502685546875e+01
-7.867823791503906250e+01
-7.867822265625000000e+01
-7.867819976806640625e+01
-7.867823791503906250e+01
-7.867823028564453125e+01
-7.867823791503906250e+01
-7.867826080322265625e+01
-7.867824554443359375e+01
-7.867823028564453125e+01
-7.867819213867187500e+01
-7.867822265625000000e+01
-7.867822265625000000e+01
-7.867821502685546875e+01
-7.867823791503906250e+01
-7.867823791503906250e+01
-7.867823791503906250e+01
-7.867822265625000000e+01
-7.867823028564453125e+01
-7.867822265625000000e+01
-7.867824554443359375e+01
-7.867822265625000000e+01
-7.867823028564453125e+01
-7.867826080322265625e+01
-7.867822265625000000e+01
-7.867822265625000000e+01
-7.867823028564453125e+01
-7.867823791503906250e+01
-7.867824554443359375e+01
-7.867825317382812500e+01
-7.867822265625000000e+01
-7.867823028564453125e+01
-7.867823028564453125e+01
-7.867823791503906250e+01
-7.867826080322265625e+01
-7.867822265625000000e+01
-7.867820739746093750e+01
-7.867826843261718750e+01
-7.867824554443359375e+01
-7.867823791503906250e+01
-7.867819976806640625e+01
-7.867819976806640625e+01
-7.867821502685546875e+01
-7.867819976806640625e+01
-7.867823028564453125e+01
-7.867821502685546875e+01
-7.867820739746093750e+01
-7.867822265625000000e+01
-7.867822265625000000e+01
-7.867824554443359375e+01
-7.867823028564453125e+01
-7.867823028564453125e+01
-7.867825317382812500e+01
-7.867821502685546875e+01
-7.867824554443359375e+01
-7.867824554443359375e+01
-7.867822265625000000e+01
-7.867821502685546875e+01
-7.867822265625000000e+01
-7.867826080322265625e+01
-7.867823028564453125e+01
-7.867824554443359375e+01
-7.867822265625000000e+01
-7.867824554443359375e+01
-7.867825317382812500e+01
-7.867823791503906250e+01
-7.867821502685546875e+01
-7.867820739746093750e+01
-7.867823791503906250e+01
-7.867823791503906250e+01
-7.867823791503906250e+01
-7.867822265625000000e+01
-7.867823791503906250e+01
-7.867821502685546875e+01
-7.867822265625000000e+01
-7.867823791503906250e+01
-7.867826080322265625e+01
-7.867824554443359375e+01
-7.867825317382812500e+01
-7.867821502685546875e+01
-7.867822265625000000e+01
-7.867820739746093750e+01
-7.867823791503906250e+01
-7.867827606201171875e+01
-7.867822265625000000e+01
-7.867823791503906250e+01
-7.867823791503906250e+01
-7.867823791503906250e+01
-7.867821502685546875e+01
-7.867820739746093750e+01
-7.867823791503906250e+01
-7.867822265625000000e+01
-7.867825317382812500e+01
-7.867823791503906250e+01
-7.867822265625000000e+01
-7.867825317382812500e+01
-7.867825317382812500e+01
-7.867822265625000000e+01
-7.867821502685546875e+01
-7.867823028564453125e+01
-7.867826843261718750e+01
-7.867824554443359375e+01
-7.867825317382812500e+01
-7.867824554443359375e+01
-7.867824554443359375e+01
-7.867822265625000000e+01
-7.867819976806640625e+01
-7.867820739746093750e+01
-7.867823791503906250e+01
-7.867823791503906250e+01
-7.867823791503906250e+01
-7.867822265625000000e+01
-7.867821502685546875e+01
-7.867820739746093750e+01
-7.867823791503906250e+01
-7.867821502685546875e+01
-7.867823028564453125e+01
-7.867822265625000000e+01
-7.867822265625000000e+01
-7.867823791503906250e+01
-7.867822265625000000e+01
-7.867823791503906250e+01
-7.867820739746093750e+01
-7.867823791503906250e+01
-7.867824554443359375e+01
-7.867821502685546875e+01
-7.867821502685546875e+01
-7.867822265625000000e+01
-7.867822265625000000e+01
-7.867823028564453125e+01
-7.867823791503906250e+01
-7.867825317382812500e+01
-7.867824554443359375e+01
-7.867823791503906250e+01
-7.867821502685546875e+01
-7.867818450927734375e+01
-7.867822265625000000e+01
-7.867822265625000000e+01
-7.867824554443359375e+01
-7.867823791503906250e+01
-7.867819976806640625e+01
-7.867822265625000000e+01
-7.867823028564453125e+01
-7.867823028564453125e+01
-7.867823028564453125e+01
-7.867821502685546875e+01
-7.867825317382812500e+01
-7.867825317382812500e+01
-7.867819976806640625e+01
-7.867820739746093750e+01
-7.867823791503906250e+01
-7.867821502685546875e+01
-7.867821502685546875e+01
-7.867823028564453125e+01
-7.867823028564453125e+01
-7.867821502685546875e+01
-7.867823028564453125e+01
-7.867823028564453125e+01
-7.867823791503906250e+01
-7.867824554443359375e+01
-7.867822265625000000e+01
-7.867824554443359375e+01
-7.867826080322265625e+01
-7.867822265625000000e+01
-7.867823791503906250e+01
-7.867821502685546875e+01
-7.867822265625000000e+01
-7.867823028564453125e+01
-7.867821502685546875e+01
-7.867825317382812500e+01
-7.867821502685546875e+01
-7.867822265625000000e+01
-7.867823791503906250e+01
-7.867823028564453125e+01
-7.867822265625000000e+01
-7.867820739746093750e+01
-7.867821502685546875e+01
-7.867824554443359375e+01
-7.867821502685546875e+01
-7.867822265625000000e+01
-7.867826843261718750e+01
-7.867823791503906250e+01
-7.867823791503906250e+01
-7.867821502685546875e+01
-7.867821502685546875e+01
-7.867823791503906250e+01
-7.867820739746093750e+01
-7.867823791503906250e+01
-7.867821502685546875e+01
-7.867820739746093750e+01
-7.867821502685546875e+01
-7.867824554443359375e+01
-7.867819213867187500e+01
-7.867824554443359375e+01
-7.867822265625000000e+01
-7.867821502685546875e+01
-7.867824554443359375e+01
-7.867826080322265625e+01
-7.867826080322265625e+01
-7.867819976806640625e+01
-7.867823791503906250e+01
-7.867821502685546875e+01
-7.867823791503906250e+01
-7.867823028564453125e+01
-7.867822265625000000e+01
-7.867822265625000000e+01
-7.867821502685546875e+01
-7.867823791503906250e+01
-7.867823791503906250e+01
-7.867823028564453125e+01
-7.867823028564453125e+01
-7.867823028564453125e+01
-7.867822265625000000e+01
-7.867823791503906250e+01
-7.867823028564453125e+01
-7.867821502685546875e+01
-7.867819976806640625e+01
-7.867824554443359375e+01
-7.867824554443359375e+01
-7.867820739746093750e+01
-7.867823028564453125e+01
-7.867820739746093750e+01
-7.867823028564453125e+01
-7.867823028564453125e+01
-7.867819213867187500e+01
-7.867822265625000000e+01
-7.867823791503906250e+01
-7.867823791503906250e+01
-7.867823028564453125e+01
-7.867821502685546875e+01
-7.867823791503906250e+01
-7.867823791503906250e+01
-7.867823028564453125e+01
-7.867823028564453125e+01
-7.867823028564453125e+01
-7.867823791503906250e+01
-7.867822265625000000e+01
-7.867821502685546875e+01
-7.867822265625000000e+01
-7.867821502685546875e+01
-7.867822265625000000e+01
-7.867822265625000000e+01
-7.867825317382812500e+01
-7.867821502685546875e+01
-7.867823028564453125e+01
-7.867821502685546875e+01
-7.867820739746093750e+01
-7.867825317382812500e+01
-7.867819976806640625e+01
-7.867820739746093750e+01
-7.867823028564453125e+01
-7.867823028564453125e+01
-7.867820739746093750e+01
-7.867822265625000000e+01
-7.867820739746093750e+01
-7.867822265625000000e+01
-7.867821502685546875e+01
-7.867822265625000000e+01
-7.867825317382812500e+01
-7.867820739746093750e+01
-7.867824554443359375e+01
-7.867824554443359375e+01
-7.867821502685546875e+01
-7.867824554443359375e+01
-7.867823791503906250e+01
-7.867823791503906250e+01
-7.867821502685546875e+01
-7.867822265625000000e+01
-7.867823028564453125e+01
-7.867823791503906250e+01
-7.867821502685546875e+01
-7.867824554443359375e+01
-7.867825317382812500e+01
-7.867822265625000000e+01
-7.867822265625000000e+01
-7.867822265625000000e+01
-7.867820739746093750e+01
-7.867825317382812500e+01
-7.867820739746093750e+01
-7.867823028564453125e+01
-7.867825317382812500e+01
-7.867823791503906250e+01
-7.867821502685546875e+01
-7.867823791503906250e+01
-7.867822265625000000e+01
-7.867825317382812500e+01
-7.867824554443359375e+01
-7.867826843261718750e+01
-7.867822265625000000e+01
-7.867819976806640625e+01
-7.867823028564453125e+01
-7.867823028564453125e+01
-7.867822265625000000e+01
-7.867820739746093750e+01
-7.867823791503906250e+01
-7.867824554443359375e+01
-7.867823791503906250e+01
-7.867824554443359375e+01
-7.867826080322265625e+01
-7.867825317382812500e+01
-7.867821502685546875e+01
-7.867820739746093750e+01
-7.867823791503906250e+01
-7.867822265625000000e+01
-7.867822265625000000e+01
-7.867820739746093750e+01
-7.867826843261718750e+01
-7.867824554443359375e+01
-7.867821502685546875e+01
-7.867824554443359375e+01
-7.867822265625000000e+01
-7.867822265625000000e+01
-7.867822265625000000e+01
-7.867824554443359375e+01
-7.867823791503906250e+01
-7.867825317382812500e+01
-7.867825317382812500e+01
-7.867819976806640625e+01
-7.867825317382812500e+01
-7.867824554443359375e+01
-7.867821502685546875e+01
-7.867821502685546875e+01
-7.867822265625000000e+01
-7.867823791503906250e+01
-7.867822265625000000e+01
-7.867820739746093750e+01
-7.867824554443359375e+01
-7.867824554443359375e+01
-7.867822265625000000e+01
-7.867822265625000000e+01
-7.867823791503906250e+01
-7.867822265625000000e+01
-7.867824554443359375e+01
-7.867819976806640625e+01
-7.867820739746093750e+01
-7.867823791503906250e+01
-7.867822265625000000e+01
-7.867825317382812500e+01
-7.867822265625000000e+01
-7.867820739746093750e+01
-7.867823028564453125e+01
-7.867823028564453125e+01
-7.867824554443359375e+01
-7.867821502685546875e+01
-7.867821502685546875e+01
-7.867825317382812500e+01
-7.867823028564453125e+01
-7.867820739746093750e+01
-7.867825317382812500e+01
-7.867822265625000000e+01
-7.867825317382812500e+01
-7.867823791503906250e+01
-7.867822265625000000e+01
-7.867825317382812500e+01
-7.867825317382812500e+01
-7.867823791503906250e+01
-7.867822265625000000e+01
-7.867823028564453125e+01
-7.867823791503906250e+01
-7.867823791503906250e+01
-7.867821502685546875e+01
-7.867823791503906250e+01
-7.867823791503906250e+01
-7.867821502685546875e+01
-7.867823028564453125e+01
-7.867820739746093750e+01
-7.867821502685546875e+01
-7.867823028564453125e+01
-7.867820739746093750e+01
-7.867823028564453125e+01
-7.867823791503906250e+01
-7.867822265625000000e+01
-7.867821502685546875e+01
-7.867823791503906250e+01
-7.867822265625000000e+01
-7.867823028564453125e+01
-7.867823791503906250e+01
-7.867823791503906250e+01
-7.867823028564453125e+01
-7.867823028564453125e+01
-7.867823028564453125e+01
-7.867825317382812500e+01
-7.867823028564453125e+01
-7.867826080322265625e+01
-7.867822265625000000e+01
-7.867823791503906250e+01
-7.867821502685546875e+01
-7.867820739746093750e+01
-7.867822265625000000e+01
-7.867822265625000000e+01
-7.867825317382812500e+01
-7.867823791503906250e+01
-7.867822265625000000e+01
-7.867823791503906250e+01
-7.867822265625000000e+01
-7.867821502685546875e+01
-7.867824554443359375e+01
-7.867825317382812500e+01
-7.867820739746093750e+01
-7.867824554443359375e+01
-7.867825317382812500e+01
-7.867822265625000000e+01
-7.867823791503906250e+01
-7.867823791503906250e+01
-7.867822265625000000e+01
-7.867820739746093750e+01
-7.867824554443359375e+01
-7.867823791503906250e+01
-7.867824554443359375e+01
-7.867820739746093750e+01
-7.867825317382812500e+01
-7.867823028564453125e+01
-7.867821502685546875e+01
-7.867823791503906250e+01
-7.867823028564453125e+01
-7.867822265625000000e+01
-7.867823028564453125e+01
-7.867823028564453125e+01
-7.867826080322265625e+01
-7.867820739746093750e+01
-7.867826080322265625e+01
-7.867823791503906250e+01
-7.867823028564453125e+01
-7.867823028564453125e+01
-7.867823028564453125e+01
-7.867821502685546875e+01
-7.867822265625000000e+01
-7.867823791503906250e+01
-7.867823028564453125e+01
-7.867821502685546875e+01
-7.867823028564453125e+01
-7.867822265625000000e+01
-7.867824554443359375e+01
-7.867821502685546875e+01
-7.867825317382812500e+01
-7.867823791503906250e+01
-7.867824554443359375e+01
-7.867822265625000000e+01
-7.867823028564453125e+01
-7.867825317382812500e+01
-7.867823028564453125e+01
-7.867823791503906250e+01
-7.867823791503906250e+01
-7.867825317382812500e+01
-7.867824554443359375e+01
-7.867823028564453125e+01
-7.867820739746093750e+01
-7.867823791503906250e+01
-7.867822265625000000e+01
-7.867823028564453125e+01
-7.867821502685546875e+01
-7.867823028564453125e+01
-7.867823028564453125e+01
-7.867822265625000000e+01
-7.867822265625000000e+01
-7.867822265625000000e+01
-7.867822265625000000e+01
-7.867822265625000000e+01
-7.867821502685546875e+01
-7.867823791503906250e+01
-7.867822265625000000e+01
-7.867823028564453125e+01
-7.867821502685546875e+01
-7.867820739746093750e+01
-7.867822265625000000e+01
-7.867824554443359375e+01
-7.867825317382812500e+01
-7.867824554443359375e+01
-7.867825317382812500e+01
-7.867826080322265625e+01
-7.867823791503906250e+01
-7.867820739746093750e+01
-7.867823791503906250e+01
-7.867825317382812500e+01
-7.867821502685546875e+01
-7.867822265625000000e+01
-7.867823791503906250e+01
-7.867821502685546875e+01
-7.867823028564453125e+01
-7.867823028564453125e+01
-7.867823791503906250e+01
-7.867825317382812500e+01
-7.867823791503906250e+01
-7.867823791503906250e+01
-7.867821502685546875e+01
-7.867820739746093750e+01
-7.867826080322265625e+01
-7.867823791503906250e+01
-7.867820739746093750e+01
-7.867819213867187500e+01
-7.867822265625000000e+01
-7.867824554443359375e+01
-7.867822265625000000e+01
-7.867823028564453125e+01
-7.867826843261718750e+01
-7.867823791503906250e+01
-7.867822265625000000e+01
-7.867823028564453125e+01
-7.867823791503906250e+01
-7.867819976806640625e+01
-7.867821502685546875e+01
-7.867822265625000000e+01
-7.867823028564453125e+01
-7.867823791503906250e+01
-7.867823791503906250e+01
-7.867821502685546875e+01
-7.867824554443359375e+01
-7.867823791503906250e+01
-7.867823791503906250e+01
-7.867823028564453125e+01
-7.867823791503906250e+01
-7.867821502685546875e+01
-7.867824554443359375e+01
-7.867821502685546875e+01
-7.867823791503906250e+01
-7.867822265625000000e+01
-7.867824554443359375e+01
-7.867823791503906250e+01
-7.867821502685546875e+01
-7.867824554443359375e+01
-7.867823791503906250e+01
-7.867823028564453125e+01
-7.867819976806640625e+01
-7.867824554443359375e+01
-7.867823791503906250e+01
-7.867825317382812500e+01
-7.867826080322265625e+01
-7.867823028564453125e+01
-7.867825317382812500e+01
-7.867822265625000000e+01
-7.867822265625000000e+01
-7.867823791503906250e+01
-7.867821502685546875e+01
-7.867823791503906250e+01
-7.867823028564453125e+01
-7.867824554443359375e+01
-7.867824554443359375e+01
-7.867821502685546875e+01
-7.867823791503906250e+01
-7.867823028564453125e+01
-7.867821502685546875e+01
-7.867823791503906250e+01
-7.867822265625000000e+01
-7.867823791503906250e+01
-7.867825317382812500e+01
-7.867822265625000000e+01
-7.867822265625000000e+01
-7.867822265625000000e+01
-7.867822265625000000e+01
-7.867823791503906250e+01
-7.867822265625000000e+01
-7.867823791503906250e+01
-7.867822265625000000e+01
-7.867823791503906250e+01
-7.867823028564453125e+01
-7.867822265625000000e+01
-7.867820739746093750e+01
-7.867823028564453125e+01
-7.867821502685546875e+01
-7.867822265625000000e+01
-7.867824554443359375e+01
-7.867825317382812500e+01
-7.867823791503906250e+01
-7.867823791503906250e+01
-7.867824554443359375e+01
-7.867825317382812500e+01
-7.867821502685546875e+01
-7.867823791503906250e+01
-7.867823028564453125e+01
-7.867823791503906250e+01
-7.867822265625000000e+01
-7.867823028564453125e+01
-7.867823791503906250e+01
-7.867822265625000000e+01
-7.867824554443359375e+01
-7.867823028564453125e+01
-7.867823791503906250e+01
-7.867823791503906250e+01
-7.867823028564453125e+01
-7.867820739746093750e+01
-7.867823791503906250e+01
-7.867823791503906250e+01
-7.867822265625000000e+01
-7.867823791503906250e+01
-7.867823028564453125e+01
-7.867823791503906250e+01
-7.867824554443359375e+01
-7.867823791503906250e+01
-7.867826080322265625e+01
-7.867823028564453125e+01
-7.867821502685546875e+01
-7.867823791503906250e+01
-7.867820739746093750e+01
-7.867823791503906250e+01
-7.867823791503906250e+01
-7.867823791503906250e+01
-7.867822265625000000e+01
-7.867819976806640625e+01
-7.867823028564453125e+01
-7.867823791503906250e+01
-7.867823791503906250e+01
-7.867823028564453125e+01
-7.867823791503906250e+01
-7.867822265625000000e+01
-7.867825317382812500e+01
-7.867820739746093750e+01
-7.867823791503906250e+01
-7.867818450927734375e+01
-7.867823791503906250e+01
-7.867824554443359375e+01
-7.867822265625000000e+01
-7.867823028564453125e+01
-7.867823791503906250e+01
-7.867822265625000000e+01
-7.867822265625000000e+01
-7.867822265625000000e+01
-7.867821502685546875e+01
-7.867823028564453125e+01
-7.867823791503906250e+01
-7.867820739746093750e+01
-7.867819976806640625e+01
-7.867823791503906250e+01
-7.867822265625000000e+01
-7.867822265625000000e+01
-7.867824554443359375e+01
-7.867825317382812500e+01
-7.867822265625000000e+01
-7.867823791503906250e+01
-7.867820739746093750e+01
-7.867823791503906250e+01
-7.867821502685546875e+01
-7.867822265625000000e+01
-7.867824554443359375e+01
-7.867820739746093750e+01
-7.867823791503906250e+01
-7.867821502685546875e+01
-7.867822265625000000e+01
-7.867822265625000000e+01
-7.867826080322265625e+01
-7.867823791503906250e+01
-7.867825317382812500e+01
-7.867820739746093750e+01
-7.867822265625000000e+01
-7.867821502685546875e+01
-7.867824554443359375e+01
-7.867826080322265625e+01
-7.867824554443359375e+01
-7.867822265625000000e+01
-7.867822265625000000e+01
-7.867824554443359375e+01
-7.867826843261718750e+01
-7.867821502685546875e+01
-7.867820739746093750e+01
-7.867826843261718750e+01
-7.867824554443359375e+01
-7.867823791503906250e+01
-7.867822265625000000e+01
-7.867821502685546875e+01
-7.867824554443359375e+01
-7.867823791503906250e+01
-7.867820739746093750e+01
-7.867823028564453125e+01
-7.867822265625000000e+01
-7.867825317382812500e+01
-7.867825317382812500e+01
-7.867821502685546875e+01
-7.867823791503906250e+01
-7.867825317382812500e+01
-7.867822265625000000e+01
-7.867824554443359375e+01
-7.867819976806640625e+01
-7.867823791503906250e+01
-7.867822265625000000e+01
-7.867822265625000000e+01
-7.867823791503906250e+01
-7.867823028564453125e+01
-7.867820739746093750e+01
-7.867823791503906250e+01
-7.867823028564453125e+01
-7.867821502685546875e+01
-7.867821502685546875e+01
-7.867822265625000000e+01
-7.867824554443359375e+01
-7.867823028564453125e+01
-7.867820739746093750e+01
-7.867821502685546875e+01
-7.867821502685546875e+01
-7.867823791503906250e+01
-7.867825317382812500e+01
-7.867820739746093750e+01
-7.867818450927734375e+01
-7.867823791503906250e+01
-7.867820739746093750e+01
-7.867820739746093750e+01
-7.867825317382812500e+01
-7.867825317382812500e+01
-7.867821502685546875e+01
-7.867823791503906250e+01
-7.867822265625000000e+01
-7.867823791503906250e+01
-7.867821502685546875e+01
-7.867823791503906250e+01
-7.867822265625000000e+01
-7.867823028564453125e+01
-7.867825317382812500e+01
-7.867823028564453125e+01
-7.867823791503906250e+01
-7.867823791503906250e+01
-7.867825317382812500e+01
-7.867822265625000000e+01
-7.867821502685546875e+01
-7.867822265625000000e+01
-7.867822265625000000e+01
-7.867826843261718750e+01
-7.867822265625000000e+01
-7.867823791503906250e+01
-7.867821502685546875e+01
-7.867826843261718750e+01
-7.867821502685546875e+01
-7.867822265625000000e+01
-7.867823791503906250e+01
-7.867822265625000000e+01
-7.867824554443359375e+01
-7.867822265625000000e+01
-7.867823791503906250e+01
-7.867823791503906250e+01
-7.867822265625000000e+01
-7.867823028564453125e+01
-7.867823791503906250e+01
-7.867823791503906250e+01
-7.867823028564453125e+01
-7.867823028564453125e+01
-7.867820739746093750e+01
-7.867823028564453125e+01
-7.867821502685546875e+01
-7.867825317382812500e+01
-7.867822265625000000e+01
-7.867822265625000000e+01
-7.867823028564453125e+01
-7.867823028564453125e+01
-7.867824554443359375e+01
-7.867822265625000000e+01
-7.867822265625000000e+01
-7.867823791503906250e+01
-7.867825317382812500e+01
-7.867826080322265625e+01
-7.867819213867187500e+01
-7.867823791503906250e+01
-7.867822265625000000e+01
-7.867821502685546875e+01
-7.867823028564453125e+01
-7.867823028564453125e+01
-7.867823028564453125e+01
-7.867821502685546875e+01
-7.867823791503906250e+01
-7.867823791503906250e+01
-7.867825317382812500e+01
-7.867823791503906250e+01
-7.867822265625000000e+01
-7.867823791503906250e+01
-7.867822265625000000e+01
-7.867823791503906250e+01
-7.867821502685546875e+01
-7.867822265625000000e+01
-7.867821502685546875e+01
-7.867822265625000000e+01
-7.867821502685546875e+01
-7.867823028564453125e+01
-7.867823028564453125e+01
-7.867824554443359375e+01
-7.867821502685546875e+01
-7.867820739746093750e+01
-7.867819213867187500e+01
-7.867822265625000000e+01
-7.867820739746093750e+01
-7.867822265625000000e+01
-7.867823028564453125e+01
-7.867820739746093750e+01
-7.867826080322265625e+01
-7.867823791503906250e+01
-7.867823791503906250e+01
-7.867823791503906250e+01
-7.867823028564453125e+01
-7.867822265625000000e+01
-7.867823791503906250e+01
-7.867823028564453125e+01
-7.867822265625000000e+01
-7.867822265625000000e+01
-7.867827606201171875e+01
-7.867823028564453125e+01
-7.867822265625000000e+01
-7.867822265625000000e+01
-7.867819213867187500e+01
-7.867823791503906250e+01
-7.867822265625000000e+01
-7.867824554443359375e+01
-7.867825317382812500e+01
-7.867823791503906250e+01
-7.867823791503906250e+01
-7.867824554443359375e+01
-7.867821502685546875e+01
-7.867823791503906250e+01
-7.867822265625000000e+01
-7.867825317382812500e+01
-7.867823791503906250e+01
-7.867823028564453125e+01
-7.867823791503906250e+01
-7.867822265625000000e+01
-7.867823791503906250e+01
-7.867823791503906250e+01
-7.867823028564453125e+01
-7.867821502685546875e+01
-7.867822265625000000e+01
-7.867823028564453125e+01
-7.867823791503906250e+01
-7.867823028564453125e+01
-7.867823791503906250e+01
-7.867821502685546875e+01
-7.867823028564453125e+01
-7.867823028564453125e+01
-7.867822265625000000e+01
-7.867822265625000000e+01
-7.867820739746093750e+01
-7.867823791503906250e+01
-7.867822265625000000e+01
-7.867823791503906250e+01
-7.867821502685546875e+01
-7.867821502685546875e+01
-7.867822265625000000e+01
-7.867823028564453125e+01
-7.867823791503906250e+01
-7.867823791503906250e+01
-7.867822265625000000e+01
-7.867823028564453125e+01
-7.867821502685546875e+01
-7.867825317382812500e+01
-7.867824554443359375e+01
-7.867823791503906250e+01
-7.867822265625000000e+01
-7.867823791503906250e+01
-7.867826080322265625e+01
-7.867823028564453125e+01
-7.867822265625000000e+01
-7.867822265625000000e+01
-7.867819213867187500e+01
-7.867819976806640625e+01
-7.867823028564453125e+01
-7.867822265625000000e+01
-7.867823791503906250e+01
-7.867820739746093750e+01
-7.867822265625000000e+01
-7.867822265625000000e+01
-7.867820739746093750e+01
-7.867825317382812500e+01
-7.867819213867187500e+01
-7.867823028564453125e+01
-7.867821502685546875e+01
-7.867825317382812500e+01
-7.867823791503906250e+01
-7.867825317382812500e+01
-7.867822265625000000e+01
-7.867823028564453125e+01
-7.867826843261718750e+01
-7.867822265625000000e+01
-7.867823028564453125e+01
-7.867824554443359375e+01
-7.867819976806640625e+01
-7.867824554443359375e+01
-7.867820739746093750e+01
-7.867823028564453125e+01
-7.867821502685546875e+01
-7.867824554443359375e+01
-7.867822265625000000e+01
-7.867822265625000000e+01
-7.867820739746093750e+01
-7.867820739746093750e+01
-7.867824554443359375e+01
-7.867820739746093750e+01
-7.867823028564453125e+01
-7.867825317382812500e+01
-7.867823028564453125e+01
-7.867823791503906250e+01
-7.867823028564453125e+01
-7.867820739746093750e+01
-7.867824554443359375e+01
-7.867823791503906250e+01
-7.867823791503906250e+01
-7.867825317382812500e+01
-7.867822265625000000e+01
-7.867823791503906250e+01
-7.867823028564453125e+01
-7.867821502685546875e+01
-7.867822265625000000e+01
-7.867819213867187500e+01
-7.867822265625000000e+01
-7.867825317382812500e+01
-7.867823791503906250e+01
-7.867821502685546875e+01
-7.867824554443359375e+01
-7.867825317382812500e+01
-7.867820739746093750e+01
-7.867824554443359375e+01
-7.867822265625000000e+01
-7.867823028564453125e+01
-7.867823028564453125e+01
-7.867823791503906250e+01
-7.867824554443359375e+01
-7.867821502685546875e+01
-7.867823028564453125e+01
-7.867823028564453125e+01
-7.867822265625000000e+01
-7.867823791503906250e+01
-7.867823028564453125e+01
-7.867821502685546875e+01
-7.867819213867187500e+01
-7.867823791503906250e+01
-7.867822265625000000e+01
-7.867821502685546875e+01
-7.867824554443359375e+01
-7.867825317382812500e+01
-7.867821502685546875e+01
-7.867823791503906250e+01
-7.867823791503906250e+01
-7.867820739746093750e+01
-7.867820739746093750e+01
-7.867823791503906250e+01
-7.867822265625000000e+01
-7.867824554443359375e+01
-7.867825317382812500e+01
-7.867823028564453125e+01
-7.867822265625000000e+01
-7.867822265625000000e+01
-7.867823028564453125e+01
-7.867821502685546875e+01
-7.867820739746093750e+01
-7.867822265625000000e+01
-7.867821502685546875e+01
-7.867822265625000000e+01
-7.867819976806640625e+01
-7.867821502685546875e+01
-7.867823791503906250e+01
-7.867822265625000000e+01
-7.867823791503906250e+01
-7.867820739746093750e+01
-7.867823791503906250e+01
-7.867826080322265625e+01
-7.867823791503906250e+01
-7.867823028564453125e+01
-7.867822265625000000e+01
-7.867822265625000000e+01
-7.867823028564453125e+01
-7.867822265625000000e+01
-7.867823791503906250e+01
-7.867822265625000000e+01
-7.867826843261718750e+01
-7.867827606201171875e+01
-7.867823791503906250e+01
-7.867823791503906250e+01
-7.867823791503906250e+01
-7.867821502685546875e+01
-7.867825317382812500e+01
-7.867823791503906250e+01
-7.867823791503906250e+01
-7.867824554443359375e+01
-7.867823791503906250e+01
-7.867819976806640625e+01
-7.867823028564453125e+01
-7.867822265625000000e+01
-7.867826843261718750e+01
-7.867821502685546875e+01
-7.867825317382812500e+01
-7.867823791503906250e+01
-7.867823028564453125e+01
-7.867823791503906250e+01
-7.867821502685546875e+01
-7.867819213867187500e+01
-7.867822265625000000e+01
-7.867819213867187500e+01
-7.867823791503906250e+01
-7.867822265625000000e+01
-7.867822265625000000e+01
-7.867823791503906250e+01
-7.867820739746093750e+01
-7.867822265625000000e+01
-7.867823791503906250e+01
-7.867823791503906250e+01
-7.867823791503906250e+01
-7.867819213867187500e+01
-7.867823028564453125e+01
-7.867823791503906250e+01
-7.867819976806640625e+01
-7.867822265625000000e+01
-7.867825317382812500e+01
-7.867823791503906250e+01
-7.867824554443359375e+01
-7.867826843261718750e+01
-7.867823791503906250e+01
-7.867824554443359375e+01
-7.867821502685546875e+01
-7.867822265625000000e+01
-7.867823028564453125e+01
-7.867823791503906250e+01
-7.867823791503906250e+01
-7.867824554443359375e+01
-7.867826080322265625e+01
-7.867823028564453125e+01
-7.867826080322265625e+01
-7.867818450927734375e+01
-7.867822265625000000e+01
-7.867821502685546875e+01
-7.867823791503906250e+01
-7.867823028564453125e+01
-7.867823791503906250e+01
-7.867823791503906250e+01
-7.867823791503906250e+01
-7.867823791503906250e+01
-7.867824554443359375e+01
-7.867824554443359375e+01
-7.867822265625000000e+01
-7.867826080322265625e+01
-7.867823028564453125e+01
-7.867824554443359375e+01
-7.867824554443359375e+01
-7.867823791503906250e+01
-7.867824554443359375e+01
-7.867820739746093750e+01
-7.867823791503906250e+01
-7.867823028564453125e+01
-7.867823028564453125e+01
-7.867823791503906250e+01
-7.867823791503906250e+01
-7.867826080322265625e+01
-7.867822265625000000e+01
-7.867821502685546875e+01
-7.867823028564453125e+01
-7.867823028564453125e+01
-7.867819213867187500e+01
-7.867823028564453125e+01
-7.867820739746093750e+01
-7.867820739746093750e+01
-7.867823028564453125e+01
-7.867823028564453125e+01
-7.867823028564453125e+01
-7.867822265625000000e+01
-7.867823791503906250e+01
-7.867825317382812500e+01
-7.867821502685546875e+01
-7.867822265625000000e+01
-7.867826080322265625e+01
-7.867824554443359375e+01
-7.867822265625000000e+01
-7.867825317382812500e+01
-7.867821502685546875e+01
-7.867823791503906250e+01
-7.867824554443359375e+01
-7.867823028564453125e+01
-7.867821502685546875e+01
-7.867823028564453125e+01
-7.867826080322265625e+01
-7.867824554443359375e+01
-7.867823791503906250e+01
-7.867825317382812500e+01
-7.867820739746093750e+01
-7.867821502685546875e+01
-7.867823791503906250e+01
-7.867821502685546875e+01
-7.867822265625000000e+01
-7.867823028564453125e+01
-7.867822265625000000e+01
-7.867823791503906250e+01
-7.867821502685546875e+01
-7.867823028564453125e+01
-7.867822265625000000e+01
-7.867821502685546875e+01
-7.867820739746093750e+01
-7.867822265625000000e+01
-7.867822265625000000e+01
-7.867823028564453125e+01
-7.867819976806640625e+01
-7.867822265625000000e+01
-7.867821502685546875e+01
-7.867823791503906250e+01
-7.867823791503906250e+01
-7.867823028564453125e+01
-7.867820739746093750e+01
-7.867823028564453125e+01
-7.867820739746093750e+01
-7.867825317382812500e+01
-7.867820739746093750e+01
-7.867828369140625000e+01
-7.867823791503906250e+01
-7.867821502685546875e+01
-7.867819976806640625e+01
-7.867823028564453125e+01
-7.867826843261718750e+01
-7.867824554443359375e+01
-7.867819213867187500e+01
-7.867823791503906250e+01
-7.867821502685546875e+01
-7.867825317382812500e+01
-7.867823028564453125e+01
-7.867823791503906250e+01
-7.867823028564453125e+01
-7.867825317382812500e+01
-7.867821502685546875e+01
-7.867823791503906250e+01
-7.867823791503906250e+01
-7.867824554443359375e+01
-7.867823791503906250e+01
-7.867823791503906250e+01
-7.867822265625000000e+01
-7.867825317382812500e+01
-7.867824554443359375e+01
-7.867823028564453125e+01
-7.867824554443359375e+01
-7.867822265625000000e+01
-7.867821502685546875e+01
-7.867823028564453125e+01
-7.867821502685546875e+01
-7.867823791503906250e+01
-7.867823028564453125e+01
-7.867824554443359375e+01
-7.867822265625000000e+01
-7.867822265625000000e+01
-7.867823791503906250e+01
-7.867823791503906250e+01
-7.867822265625000000e+01
-7.867823028564453125e+01
-7.867823791503906250e+01
-7.867822265625000000e+01
-7.867822265625000000e+01
-7.867820739746093750e+01
-7.867824554443359375e+01
-7.867824554443359375e+01
-7.867823791503906250e+01
-7.867825317382812500e+01
-7.867821502685546875e+01
-7.867823791503906250e+01
-7.867824554443359375e+01
-7.867822265625000000e+01
-7.867823791503906250e+01
-7.867822265625000000e+01
-7.867823791503906250e+01
-7.867823791503906250e+01
-7.867824554443359375e+01
-7.867823791503906250e+01
-7.867823791503906250e+01
-7.867822265625000000e+01
-7.867823791503906250e+01
-7.867822265625000000e+01
-7.867824554443359375e+01
-7.867823791503906250e+01
-7.867826080322265625e+01
-7.867823028564453125e+01
-7.867826080322265625e+01
-7.867822265625000000e+01
-7.867821502685546875e+01
-7.867824554443359375e+01
-7.867824554443359375e+01
-7.867823028564453125e+01
-7.867823028564453125e+01
-7.867824554443359375e+01
-7.867821502685546875e+01
-7.867822265625000000e+01
-7.867818450927734375e+01
-7.867825317382812500e+01
-7.867821502685546875e+01
-7.867820739746093750e+01
-7.867824554443359375e+01
-7.867823028564453125e+01
-7.867821502685546875e+01
-7.867822265625000000e+01
-7.867821502685546875e+01
-7.867825317382812500e+01
-7.867821502685546875e+01
-7.867822265625000000e+01
-7.867826080322265625e+01
-7.867823791503906250e+01
-7.867824554443359375e+01
-7.867819976806640625e+01
-7.867825317382812500e+01
-7.867819213867187500e+01
-7.867821502685546875e+01
-7.867824554443359375e+01
-7.867822265625000000e+01
-7.867819976806640625e+01
-7.867821502685546875e+01
-7.867819976806640625e+01
-7.867824554443359375e+01
-7.867819976806640625e+01
-7.867823028564453125e+01
-7.867823028564453125e+01
-7.867824554443359375e+01
-7.867825317382812500e+01
-7.867825317382812500e+01
-7.867821502685546875e+01
-7.867823028564453125e+01
-7.867824554443359375e+01
-7.867822265625000000e+01
-7.867821502685546875e+01
-7.867823028564453125e+01
-7.867822265625000000e+01
-7.867821502685546875e+01
-7.867823791503906250e+01
-7.867822265625000000e+01
-7.867823791503906250e+01
-7.867822265625000000e+01
-7.867826080322265625e+01
-7.867823028564453125e+01
-7.867821502685546875e+01
-7.867823791503906250e+01
-7.867823028564453125e+01
-7.867823028564453125e+01
-7.867826080322265625e+01
-7.867823028564453125e+01
-7.867823791503906250e+01
-7.867819976806640625e+01
-7.867821502685546875e+01
-7.867823028564453125e+01
-7.867822265625000000e+01
-7.867825317382812500e+01
-7.867821502685546875e+01
-7.867823028564453125e+01
-7.867823791503906250e+01
-7.867821502685546875e+01
-7.867820739746093750e+01
-7.867826080322265625e+01
-7.867819976806640625e+01
-7.867823791503906250e+01
-7.867823791503906250e+01
-7.867826080322265625e+01
-7.867823028564453125e+01
-7.867823028564453125e+01
-7.867820739746093750e+01
-7.867822265625000000e+01
-7.867824554443359375e+01
-7.867823028564453125e+01
-7.867823028564453125e+01
-7.867820739746093750e+01
-7.867823791503906250e+01
-7.867821502685546875e+01
-7.867823028564453125e+01
-7.867819976806640625e+01
-7.867826080322265625e+01
-7.867823028564453125e+01
-7.867823791503906250e+01
-7.867823791503906250e+01
-7.867823028564453125e+01
-7.867819976806640625e+01
-7.867817687988281250e+01
-7.867823791503906250e+01
-7.867824554443359375e+01
-7.867820739746093750e+01
-7.867821502685546875e+01
-7.867825317382812500e+01
-7.867820739746093750e+01
-7.867823791503906250e+01
-7.867824554443359375e+01
-7.867819213867187500e+01
-7.867825317382812500e+01
-7.867823791503906250e+01
-7.867823791503906250e+01
-7.867823028564453125e+01
-7.867824554443359375e+01
-7.867820739746093750e+01
-7.867823028564453125e+01
-7.867820739746093750e+01
-7.867823028564453125e+01
-7.867822265625000000e+01
-7.867823791503906250e+01
-7.867822265625000000e+01
-7.867823028564453125e+01
-7.867823028564453125e+01
-7.867823791503906250e+01
-7.867823028564453125e+01
-7.867823791503906250e+01
-7.867824554443359375e+01
-7.867822265625000000e+01
-7.867825317382812500e+01
-7.867822265625000000e+01
-7.867823028564453125e+01
-7.867823791503906250e+01
-7.867823791503906250e+01
-7.867822265625000000e+01
-7.867824554443359375e+01
-7.867823791503906250e+01
-7.867824554443359375e+01
-7.867823791503906250e+01
-7.867825317382812500e+01
-7.867823028564453125e+01
-7.867823028564453125e+01
-7.867821502685546875e+01
-7.867823028564453125e+01
-7.867823791503906250e+01
-7.867820739746093750e+01
-7.867823028564453125e+01
-7.867822265625000000e+01
-7.867825317382812500e+01
-7.867819976806640625e+01
-7.867823028564453125e+01
-7.867823791503906250e+01
-7.867823791503906250e+01
-7.867823028564453125e+01
-7.867825317382812500e+01
-7.867821502685546875e+01
-7.867821502685546875e+01
-7.867819213867187500e+01
-7.867821502685546875e+01
-7.867826080322265625e+01
-7.867823028564453125e+01
-7.867823028564453125e+01
-7.867824554443359375e+01
-7.867821502685546875e+01
-7.867821502685546875e+01
-7.867820739746093750e+01
-7.867820739746093750e+01
-7.867823791503906250e+01
-7.867820739746093750e+01
-7.867823028564453125e+01
-7.867823028564453125e+01
-7.867822265625000000e+01
-7.867821502685546875e+01
-7.867822265625000000e+01
-7.867823791503906250e+01
-7.867822265625000000e+01
-7.867822265625000000e+01
-7.867821502685546875e+01
-7.867822265625000000e+01
-7.867822265625000000e+01
-7.867823028564453125e+01
-7.867823028564453125e+01
-7.867820739746093750e+01
-7.867822265625000000e+01
-7.867822265625000000e+01
-7.867824554443359375e+01
-7.867823028564453125e+01
-7.867822265625000000e+01
-7.867821502685546875e+01
-7.867822265625000000e+01
-7.867820739746093750e+01
-7.867825317382812500e+01
-7.867824554443359375e+01
-7.867821502685546875e+01
-7.867824554443359375e+01
-7.867823028564453125e+01
-7.867819976806640625e+01
-7.867821502685546875e+01
-7.867819976806640625e+01
-7.867823791503906250e+01
-7.867822265625000000e+01
-7.867821502685546875e+01
-7.867821502685546875e+01
-7.867819976806640625e+01
-7.867823028564453125e+01
-7.867823028564453125e+01
-7.867822265625000000e+01
-7.867822265625000000e+01
-7.867823791503906250e+01
-7.867821502685546875e+01
-7.867824554443359375e+01
-7.867825317382812500e+01
-7.867823791503906250e+01
-7.867822265625000000e+01
-7.867823791503906250e+01
-7.867825317382812500e+01
-7.867824554443359375e+01
-7.867824554443359375e+01
-7.867823028564453125e+01
-7.867826843261718750e+01
-7.867825317382812500e+01
-7.867822265625000000e+01
-7.867824554443359375e+01
-7.867820739746093750e+01
-7.867823791503906250e+01
-7.867822265625000000e+01
-7.867826080322265625e+01
-7.867823028564453125e+01
-7.867823028564453125e+01
-7.867823791503906250e+01
-7.867822265625000000e+01
-7.867822265625000000e+01
-7.867823028564453125e+01
-7.867819213867187500e+01
-7.867824554443359375e+01
-7.867823028564453125e+01
-7.867823028564453125e+01
-7.867823028564453125e+01
-7.867825317382812500e+01
-7.867819213867187500e+01
-7.867822265625000000e+01
-7.867824554443359375e+01
-7.867819213867187500e+01
-7.867819976806640625e+01
-7.867821502685546875e+01
-7.867823791503906250e+01
-7.867821502685546875e+01
-7.867824554443359375e+01
-7.867823791503906250e+01
-7.867823791503906250e+01
-7.867822265625000000e+01
-7.867822265625000000e+01
-7.867821502685546875e+01
-7.867826843261718750e+01
-7.867825317382812500e+01
-7.867822265625000000e+01
-7.867821502685546875e+01
-7.867827606201171875e+01
-7.867819976806640625e+01
-7.867824554443359375e+01
-7.867822265625000000e+01
-7.867825317382812500e+01
-7.867823028564453125e+01
-7.867823028564453125e+01
-7.867821502685546875e+01
-7.867823791503906250e+01
-7.867820739746093750e+01
-7.867822265625000000e+01
-7.867819976806640625e+01
-7.867823028564453125e+01
-7.867822265625000000e+01
-7.867822265625000000e+01
-7.867825317382812500e+01
-7.867822265625000000e+01
-7.867823791503906250e+01
-7.867826080322265625e+01
-7.867819976806640625e+01
-7.867819213867187500e+01
-7.867825317382812500e+01
-7.867825317382812500e+01
-7.867825317382812500e+01
-7.867823028564453125e+01
-7.867822265625000000e+01
-7.867819976806640625e+01
-7.867820739746093750e+01
-7.867824554443359375e+01
-7.867823791503906250e+01
-7.867823028564453125e+01
-7.867823791503906250e+01
-7.867826080322265625e+01
-7.867824554443359375e+01
-7.867820739746093750e+01
-7.867822265625000000e+01
-7.867821502685546875e+01
-7.867822265625000000e+01
-7.867823791503906250e+01
-7.867821502685546875e+01
-7.867823028564453125e+01
-7.867825317382812500e+01
-7.867826843261718750e+01
-7.867822265625000000e+01
-7.867822265625000000e+01
-7.867820739746093750e+01
-7.867822265625000000e+01
-7.867820739746093750e+01
-7.867823028564453125e+01
-7.867824554443359375e+01
-7.867823791503906250e+01
-7.867821502685546875e+01
-7.867821502685546875e+01
-7.867822265625000000e+01
-7.867824554443359375e+01
-7.867822265625000000e+01
-7.867820739746093750e+01
-7.867819976806640625e+01
-7.867821502685546875e+01
-7.867822265625000000e+01
-7.867823028564453125e+01
-7.867825317382812500e+01
-7.867826843261718750e+01
-7.867823028564453125e+01
-7.867822265625000000e+01
-7.867826843261718750e+01
-7.867823791503906250e+01
-7.867824554443359375e+01
-7.867823028564453125e+01
-7.867823791503906250e+01
-7.867822265625000000e+01
-7.867823028564453125e+01
-7.867821502685546875e+01
-7.867821502685546875e+01
-7.867823791503906250e+01
-7.867823028564453125e+01
-7.867823791503906250e+01
-7.867826843261718750e+01
-7.867820739746093750e+01
-7.867819976806640625e+01
-7.867823028564453125e+01
-7.867823791503906250e+01
-7.867823791503906250e+01
-7.867822265625000000e+01
-7.867822265625000000e+01
-7.867824554443359375e+01
-7.867821502685546875e+01
-7.867822265625000000e+01
-7.867822265625000000e+01
-7.867822265625000000e+01
-7.867823791503906250e+01
-7.867824554443359375e+01
-7.867821502685546875e+01
-7.867819976806640625e+01
-7.867823791503906250e+01
-7.867822265625000000e+01
-7.867821502685546875e+01
-7.867823028564453125e+01
-7.867822265625000000e+01
-7.867823791503906250e+01
-7.867823028564453125e+01
-7.867822265625000000e+01
-7.867826080322265625e+01
-7.867822265625000000e+01
-7.867821502685546875e+01
-7.867821502685546875e+01
-7.867822265625000000e+01
-7.867822265625000000e+01
-7.867824554443359375e+01
-7.867819976806640625e+01
-7.867819976806640625e+01
-7.867821502685546875e+01
-7.867822265625000000e+01
-7.867821502685546875e+01
-7.867823028564453125e+01
-7.867820739746093750e+01
-7.867822265625000000e+01
-7.867823028564453125e+01
-7.867821502685546875e+01
-7.867821502685546875e+01
-7.867820739746093750e+01
-7.867825317382812500e+01
-7.867824554443359375e+01
-7.867824554443359375e+01
-7.867823028564453125e+01
-7.867819976806640625e+01
-7.867823028564453125e+01
-7.867825317382812500e+01
-7.867823028564453125e+01
-7.867820739746093750e+01
-7.867823028564453125e+01
-7.867825317382812500e+01
-7.867823028564453125e+01
-7.867821502685546875e+01
-7.867825317382812500e+01
-7.867823028564453125e+01
-7.867823028564453125e+01
-7.867820739746093750e+01
-7.867823028564453125e+01
-7.867824554443359375e+01
-7.867822265625000000e+01
-7.867823791503906250e+01
-7.867824554443359375e+01
-7.867821502685546875e+01
-7.867824554443359375e+01
-7.867826080322265625e+01
-7.867823791503906250e+01
-7.867822265625000000e+01
-7.867823028564453125e+01
-7.867826080322265625e+01
-7.867822265625000000e+01
-7.867823791503906250e+01
-7.867823791503906250e+01
-7.867822265625000000e+01
-7.867820739746093750e+01
-7.867825317382812500e+01
-7.867826843261718750e+01
-7.867823791503906250e+01
-7.867823791503906250e+01
-7.867821502685546875e+01
-7.867823028564453125e+01
-7.867823028564453125e+01
-7.867823028564453125e+01
-7.867823791503906250e+01
-7.867820739746093750e+01
-7.867822265625000000e+01
-7.867822265625000000e+01
-7.867822265625000000e+01
-7.867822265625000000e+01
-7.867822265625000000e+01
-7.867823028564453125e+01
-7.867823791503906250e+01
-7.867819976806640625e+01
-7.867824554443359375e+01
-7.867822265625000000e+01
-7.867823791503906250e+01
-7.867821502685546875e+01
-7.867823791503906250e+01
-7.867820739746093750e+01
-7.867823791503906250e+01
-7.867822265625000000e+01
-7.867823791503906250e+01
-7.867821502685546875e+01
-7.867823028564453125e+01
-7.867823028564453125e+01
-7.867823791503906250e+01
-7.867823028564453125e+01
-7.867824554443359375e+01
-7.867820739746093750e+01
-7.867823028564453125e+01
-7.867819213867187500e+01
-7.867824554443359375e+01
-7.867823028564453125e+01
-7.867826843261718750e+01
-7.867823791503906250e+01
-7.867822265625000000e+01
-7.867825317382812500e+01
-7.867823028564453125e+01
-7.867823028564453125e+01
-7.867824554443359375e+01
-7.867823791503906250e+01
-7.867823791503906250e+01
-7.867825317382812500e+01
-7.867823028564453125e+01
-7.867823028564453125e+01
-7.867823028564453125e+01
-7.867823028564453125e+01
-7.867824554443359375e+01
-7.867823791503906250e+01
-7.867823028564453125e+01
-7.867819976806640625e+01
-7.867823791503906250e+01
-7.867821502685546875e+01
-7.867824554443359375e+01
-7.867823791503906250e+01
-7.867824554443359375e+01
-7.867821502685546875e+01
-7.867822265625000000e+01
-7.867822265625000000e+01
-7.867823791503906250e+01
-7.867822265625000000e+01
-7.867823791503906250e+01
-7.867821502685546875e+01
-7.867822265625000000e+01
-7.867823028564453125e+01
-7.867821502685546875e+01
-7.867822265625000000e+01
-7.867823028564453125e+01
-7.867823791503906250e+01
-7.867826080322265625e+01
-7.867823028564453125e+01
-7.867822265625000000e+01
-7.867823028564453125e+01
-7.867819976806640625e+01
-7.867821502685546875e+01
-7.867821502685546875e+01
-7.867824554443359375e+01
-7.867825317382812500e+01
-7.867825317382812500e+01
-7.867822265625000000e+01
-7.867820739746093750e+01
-7.867819213867187500e+01
-7.867824554443359375e+01
-7.867826080322265625e+01
-7.867825317382812500e+01
-7.867824554443359375e+01
-7.867822265625000000e+01
-7.867825317382812500e+01
-7.867825317382812500e+01
-7.867822265625000000e+01
-7.867824554443359375e+01
-7.867823028564453125e+01
-7.867822265625000000e+01
-7.867821502685546875e+01
-7.867821502685546875e+01
-7.867823028564453125e+01
-7.867819976806640625e+01
-7.867825317382812500e+01
-7.867823791503906250e+01
