-1.553925228118896484e+01
-4.845841217041015625e+01
-5.976207351684570312e+01
-6.406987762451171875e+01
-6.583944702148437500e+01
-6.765325927734375000e+01
-6.946398162841796875e+01
-7.082974243164062500e+01
-7.355024719238281250e+01
-7.225152587890625000e+01
-7.629622650146484375e+01
-7.448843383789062500e+01
-7.540247344970703125e+01
-7.579309082031250000e+01
-7.558676910400390625e+01
-7.645124053955078125e+01
-7.581764984130859375e+01
-7.677925109863281250e+01
-7.693833923339843750e+01
-7.687552642822265625e+01
-7.789878082275390625e+01
-7.733681488037109375e+01
-7.721717834472656250e+01
-7.780680847167968750e+01
-7.742053985595703125e+01
-7.767562103271484375e+01
-7.786085510253906250e+01
-7.780292510986328125e+01
-7.803897094726562500e+01
-7.791943359375000000e+01
-7.802532196044921875e+01
-7.807553863525390625e+01
-7.801371002197265625e+01
-7.822360992431640625e+01
-7.815074157714843750e+01
-7.825733184814453125e+01
-7.839101409912109375e+01
-7.836731719970703125e+01
-7.852265930175781250e+01
-7.844516754150390625e+01
-7.849249267578125000e+01
-7.858929443359375000e+01
-7.849806213378906250e+01
-7.854962921142578125e+01
-7.856256103515625000e+01
-7.858525848388671875e+01
-7.858769226074218750e+01
-7.858325195312500000e+01
-7.863265228271484375e+01
-7.858602142333984375e+01
-7.860631561279296875e+01
-7.861649322509765625e+01
-7.861238861083984375e+01
-7.864413452148437500e+01
-7.862906646728515625e+01
-7.864012145996093750e+01
-7.864234161376953125e+01
-7.865334320068359375e+01
-7.865326690673828125e+01
-7.865087890625000000e+01
-7.865814208984375000e+01
-7.865251922607421875e+01
-7.866338348388671875e+01
-7.865940093994140625e+01
-7.866427612304687500e+01
-7.866321563720703125e+01
-7.866197204589843750e+01
-7.866414642333984375e+01
-7.866406250000000000e+01
-7.866978454589843750e+01
-7.866929626464843750e+01
-7.867444610595703125e+01
-7.867092895507812500e+01
-7.867408752441406250e+01
-7.867198944091796875e+01
-7.867099761962890625e+01
-7.867290496826171875e+01
-7.867065429687500000e+01
-7.867028808593750000e+01
-7.866709136962890625e+01
-7.866530609130859375e+01
-7.865795135498046875e+01
-7.864895629882812500e+01
-7.862979888916015625e+01
-7.859906768798828125e+01
-7.854929351806640625e+01
-7.848181152343750000e+01
-7.841986846923828125e+01
-7.841297912597656250e+01
-7.849372863769531250e+01
-7.861334228515625000e+01
-7.867656707763671875e+01
-7.864577484130859375e+01
-7.857592010498046875e+01
-7.854991149902343750e+01
-7.859814453125000000e+01
-7.866249847412109375e+01
-7.867408752441406250e+01
-7.863481140136718750e+01
-7.860566711425781250e+01
-7.862419891357421875e+01
-7.866473388671875000e+01
-7.867690277099609375e+01
-7.865502166748046875e+01
-7.863564300537109375e+01
-7.864524078369140625e+01
-7.866963195800781250e+01
-7.867759704589843750e+01
-7.866458129882812500e+01
-7.865261077880859375e+01
-7.865791320800781250e+01
-7.867248535156250000e+01
-7.867800140380859375e+01
-7.867071533203125000e+01
-7.866300201416015625e+01
-7.866513824462890625e+01
-7.867372894287109375e+01
-7.867810821533203125e+01
-7.867488098144531250e+01
-7.866963195800781250e+01
-7.866947174072265625e+01
-7.867385101318359375e+01
-7.867778778076171875e+01
-7.867724609375000000e+01
-7.867433166503906250e+01
-7.867262268066406250e+01
-7.867414855957031250e+01
-7.867684936523437500e+01
-7.867822265625000000e+01
-7.867716217041015625e+01
-7.867551422119140625e+01
-7.867501068115234375e+01
-7.867604064941406250e+01
-7.867752838134765625e+01
-7.867830657958984375e+01
-7.867759704589843750e+01
-7.867673492431640625e+01
-7.867646026611328125e+01
-7.867694854736328125e+01
-7.867767333984375000e+01
-7.867829132080078125e+01
-7.867804718017578125e+01
-7.867758178710937500e+01
-7.867729187011718750e+01
-7.867728424072265625e+01
-7.867758178710937500e+01
-7.867802429199218750e+01
-7.867807006835937500e+01
-7.867813110351562500e+01
-7.867792510986328125e+01
-7.867775726318359375e+01
-7.867768096923828125e+01
-7.867789459228515625e+01
-7.867797851562500000e+01
-7.867813873291015625e+01
-7.867816925048828125e+01
-7.867810821533203125e+01
-7.867797851562500000e+01
-7.867797088623046875e+01
-7.867790985107421875e+01
-7.867797851562500000e+01
-7.867816925048828125e+01
-7.867815399169921875e+01
-7.867825317382812500e+01
-7.867812347412109375e+01
-7.867824554443359375e+01
-7.867802429199218750e+01
-7.867808532714843750e+01
-7.867813873291015625e+01
-7.867818450927734375e+01
-7.867819213867187500e+01
-7.867825317382812500e+01
-7.867817687988281250e+01
-7.867822265625000000e+01
-7.867829895019531250e+01
-7.867829132080078125e+01
-7.867826843261718750e+01
-7.867813873291015625e+01
-7.867811584472656250e+01
-7.867814636230468750e+01
-7.867823028564453125e+01
-7.867822265625000000e+01
-7.867816162109375000e+01
-7.867813873291015625e+01
-7.867816162109375000e+01
-7.867808532714843750e+01
-7.867829895019531250e+01
-7.867825317382812500e+01
-7.867825317382812500e+01
-7.867821502685546875e+01
-7.867814636230468750e+01
-7.867823028564453125e+01
-7.867817687988281250e+01
-7.867824554443359375e+01
-7.867823791503906250e+01
-7.867825317382812500e+01
-7.867823791503906250e+01
-7.867822265625000000e+01
-7.867828369140625000e+01
-7.867826843261718750e+01
-7.867816162109375000e+01
-7.867825317382812500e+01
-7.867823791503906250e+01
-7.867827606201171875e+01
-7.867825317382812500e+01
-7.867825317382812500e+01
-7.867822265625000000e+01
-7.867830657958984375e+01
-7.867826843261718750e+01
-7.867826843261718750e+01
-7.867816162109375000e+01
-7.867829895019531250e+01
-7.867814636230468750e+01
-7.867823791503906250e+01
-7.867816162109375000e+01
-7.867815399169921875e+01
-7.867810821533203125e+01
-7.867820739746093750e+01
-7.867822265625000000e+01
-7.867823028564453125e+01
-7.867817687988281250e+01
-7.867805480957031250e+01
-7.867808532714843750e+01
-7.867805480957031250e+01
-7.867802429199218750e+01
-7.867800903320312500e+01
-7.867790222167968750e+01
-7.867790985107421875e+01
-7.867773437500000000e+01
-7.867752838134765625e+01
-7.867729187011718750e+01
-7.867715454101562500e+01
-7.867665863037109375e+01
-7.867620849609375000e+01
-7.867572021484375000e+01
-7.867465209960937500e+01
-7.867343139648437500e+01
-7.867173004150390625e+01
-7.866970062255859375e+01
-7.866690063476562500e+01
-7.866346740722656250e+01
-7.865919494628906250e+01
-7.865436553955078125e+01
-7.864916992187500000e+01
-7.864408874511718750e+01
-7.864011383056640625e+01
-7.863838958740234375e+01
-7.864011383056640625e+01
-7.864556121826171875e+01
-7.865380096435546875e+01
-7.866316223144531250e+01
-7.867169189453125000e+01
-7.867673492431640625e+01
-7.867810058593750000e+01
-7.867643737792968750e+01
-7.867290496826171875e+01
-7.866962432861328125e+01
-7.866806793212890625e+01
-7.866873931884765625e+01
-7.867144012451171875e+01
-7.867463684082031250e+01
-7.867710113525390625e+01
-7.867822265625000000e+01
-7.867773437500000000e+01
-7.867637634277343750e+01
-7.867509460449218750e+01
-7.867441558837890625e+01
-7.867501831054687500e+01
-7.867610168457031250e+01
-7.867730712890625000e+01
-7.867806243896484375e+01
-7.867817687988281250e+01
-7.867770385742187500e+01
-7.867704772949218750e+01
-7.867674255371093750e+01
-7.867686462402343750e+01
-7.867725372314453125e+01
-7.867781829833984375e+01
-7.867806243896484375e+01
-7.867817687988281250e+01
-7.867794036865234375e+01
-7.867771911621093750e+01
-7.867758178710937500e+01
-7.867763519287109375e+01
-7.867779541015625000e+01
-7.867810058593750000e+01
-7.867817687988281250e+01
-7.867822265625000000e+01
-7.867814636230468750e+01
-7.867799377441406250e+01
-7.867791748046875000e+01
-7.867801666259765625e+01
-7.867822265625000000e+01
-7.867817687988281250e+01
-7.867819976806640625e+01
-7.867819213867187500e+01
-7.867824554443359375e+01
-7.867815399169921875e+01
-7.867811584472656250e+01
-7.867814636230468750e+01
-7.867816925048828125e+01
-7.867819976806640625e+01
-7.867815399169921875e+01
-7.867820739746093750e+01
-7.867826843261718750e+01
-7.867814636230468750e+01
-7.867819976806640625e+01
-7.867811584472656250e+01
-7.867819213867187500e+01
-7.867823791503906250e+01
-7.867821502685546875e+01
-7.867812347412109375e+01
-7.867823028564453125e+01
-7.867829895019531250e+01
-7.867813873291015625e+01
-7.867821502685546875e+01
-7.867829895019531250e+01
-7.867815399169921875e+01
-7.867823791503906250e+01
-7.867817687988281250e+01
-7.867820739746093750e+01
-7.867814636230468750e+01
-7.867824554443359375e+01
-7.867816162109375000e+01
-7.867823791503906250e+01
-7.867807006835937500e+01
-7.867821502685546875e+01
-7.867825317382812500e+01
-7.867820739746093750e+01
-7.867823028564453125e+01
-7.867819213867187500e+01
-7.867816925048828125e+01
-7.867824554443359375e+01
-7.867829895019531250e+01
-7.867819213867187500e+01
-7.867824554443359375e+01
-7.867819976806640625e+01
-7.867823791503906250e+01
-7.867823028564453125e+01
-7.867819976806640625e+01
-7.867829132080078125e+01
-7.867813873291015625e+01
-7.867823028564453125e+01
-7.867814636230468750e+01
-7.867816162109375000e+01
-7.867820739746093750e+01
-7.867816162109375000e+01
-7.867822265625000000e+01
-7.867823791503906250e+01
-7.867816162109375000e+01
-7.867823791503906250e+01
-7.867826843261718750e+01
-7.867820739746093750e+01
-7.867835998535156250e+01
-7.867820739746093750e+01
-7.867823791503906250e+01
-7.867807006835937500e+01
-7.867816925048828125e+01
-7.867810058593750000e+01
-7.867822265625000000e+01
-7.867823028564453125e+01
-7.867823791503906250e+01
-7.867813873291015625e+01
-7.867817687988281250e+01
-7.867830657958984375e+01
-7.867816162109375000e+01
-7.867816162109375000e+01
-7.867825317382812500e+01
-7.867823791503906250e+01
-7.867822265625000000e+01
-7.867819213867187500e+01
-7.867826843261718750e+01
-7.867814636230468750e+01
-7.867817687988281250e+01
-7.867820739746093750e+01
-7.867821502685546875e+01
-7.867817687988281250e+01
-7.867813110351562500e+01
-7.867809295654296875e+01
-7.867827606201171875e+01
-7.867813873291015625e+01
-7.867823028564453125e+01
-7.867813110351562500e+01
-7.867820739746093750e+01
-7.867820739746093750e+01
-7.867820739746093750e+01
-7.867823028564453125e+01
-7.867813873291015625e+01
-7.867813873291015625e+01
-7.867817687988281250e+01
-7.867822265625000000e+01
-7.867823791503906250e+01
-7.867821502685546875e+01
-7.867820739746093750e+01
-7.867818450927734375e+01
-7.867821502685546875e+01
-7.867823028564453125e+01
-7.867819213867187500e+01
-7.867820739746093750e+01
-7.867816925048828125e+01
-7.867829895019531250e+01
-7.867822265625000000e+01
-7.867821502685546875e+01
-7.867823028564453125e+01
-7.867822265625000000e+01
-7.867819976806640625e+01
-7.867826843261718750e+01
-7.867822265625000000e+01
-7.867826843261718750e+01
-7.867816162109375000e+01
-7.867808532714843750e+01
-7.867818450927734375e+01
-7.867812347412109375e+01
-7.867823028564453125e+01
-7.867815399169921875e+01
-7.867823028564453125e+01
-7.867825317382812500e+01
-7.867826843261718750e+01
-7.867825317382812500e+01
-7.867813873291015625e+01
-7.867827606201171875e+01
-7.867833709716796875e+01
-7.867822265625000000e+01
-7.867820739746093750e+01
-7.867819213867187500e+01
-7.867811584472656250e+01
-7.867814636230468750e+01
-7.867826843261718750e+01
-7.867816162109375000e+01
-7.867820739746093750e+01
-7.867817687988281250e+01
-7.867821502685546875e+01
-7.867829895019531250e+01
-7.867828369140625000e+01
-7.867817687988281250e+01
-7.867819976806640625e+01
-7.867826843261718750e+01
-7.867826080322265625e+01
-7.867820739746093750e+01
-7.867810058593750000e+01
-7.867826843261718750e+01
-7.867819976806640625e+01
-7.867829895019531250e+01
-7.867816925048828125e+01
-7.867829895019531250e+01
-7.867810821533203125e+01
-7.867829895019531250e+01
-7.867819213867187500e+01
-7.867820739746093750e+01
-7.867818450927734375e+01
-7.867827606201171875e+01
-7.867824554443359375e+01
-7.867828369140625000e+01
-7.867825317382812500e+01
-7.867823028564453125e+01
-7.867826080322265625e+01
-7.867825317382812500e+01
-7.867822265625000000e+01
-7.867817687988281250e+01
-7.867828369140625000e+01
-7.867826843261718750e+01
-7.867810058593750000e+01
-7.867810821533203125e+01
-7.867816925048828125e+01
-7.867810821533203125e+01
-7.867825317382812500e+01
-7.867813873291015625e+01
-7.867813110351562500e+01
-7.867817687988281250e+01
-7.867823028564453125e+01
-7.867820739746093750e+01
-7.867819213867187500e+01
-7.867823791503906250e+01
-7.867816162109375000e+01
-7.867822265625000000e+01
-7.867820739746093750e+01
-7.867817687988281250e+01
-7.867816925048828125e+01
-7.867807769775390625e+01
-7.867819213867187500e+01
-7.867814636230468750e+01
-7.867817687988281250e+01
-7.867816162109375000e+01
-7.867817687988281250e+01
-7.867826843261718750e+01
-7.867834472656250000e+01
-7.867823791503906250e+01
-7.867820739746093750e+01
-7.867819213867187500e+01
-7.867824554443359375e+01
-7.867834472656250000e+01
-7.867826843261718750e+01
-7.867820739746093750e+01
-7.867829895019531250e+01
-7.867816162109375000e+01
-7.867816162109375000e+01
-7.867813873291015625e+01
-7.867813110351562500e+01
-7.867822265625000000e+01
-7.867823028564453125e+01
-7.867823791503906250e+01
-7.867831420898437500e+01
-7.867832946777343750e+01
-7.867816162109375000e+01
-7.867829895019531250e+01
-7.867820739746093750e+01
-7.867817687988281250e+01
-7.867825317382812500e+01
-7.867813110351562500e+01
-7.867818450927734375e+01
-7.867818450927734375e+01
-7.867820739746093750e+01
-7.867816925048828125e+01
-7.867823028564453125e+01
-7.867820739746093750e+01
-7.867820739746093750e+01
-7.867827606201171875e+01
-7.867811584472656250e+01
-7.867826843261718750e+01
-7.867816925048828125e+01
-7.867820739746093750e+01
-7.867825317382812500e+01
-7.867825317382812500e+01
-7.867817687988281250e+01
-7.867826843261718750e+01
-7.867826843261718750e+01
-7.867825317382812500e+01
-7.867826843261718750e+01
-7.867822265625000000e+01
-7.867823791503906250e+01
-7.867825317382812500e+01
-7.867828369140625000e+01
-7.867822265625000000e+01
-7.867823791503906250e+01
-7.867813110351562500e+01
-7.867819976806640625e+01
-7.867820739746093750e+01
-7.867819976806640625e+01
-7.867823791503906250e+01
-7.867829895019531250e+01
-7.867822265625000000e+01
-7.867813110351562500e+01
-7.867820739746093750e+01
-7.867827606201171875e+01
-7.867820739746093750e+01
-7.867814636230468750e+01
-7.867818450927734375e+01
-7.867835998535156250e+01
-7.867827606201171875e+01
-7.867826843261718750e+01
-7.867826080322265625e+01
-7.867826843261718750e+01
-7.867816925048828125e+01
-7.867812347412109375e+01
-7.867821502685546875e+01
-7.867815399169921875e+01
-7.867840576171875000e+01
-7.867823028564453125e+01
-7.867835235595703125e+01
-7.867814636230468750e+01
-7.867817687988281250e+01
-7.867813110351562500e+01
-7.867816162109375000e+01
-7.867820739746093750e+01
-7.867825317382812500e+01
-7.867817687988281250e+01
-7.867816162109375000e+01
-7.867819213867187500e+01
-7.867831420898437500e+01
-7.867815399169921875e+01
-7.867813873291015625e+01
-7.867817687988281250e+01
-7.867809295654296875e+01
-7.867822265625000000e+01
-7.867814636230468750e+01
-7.867825317382812500e+01
-7.867810058593750000e+01
-7.867823791503906250e+01
-7.867825317382812500e+01
-7.867826843261718750e+01
-7.867823791503906250e+01
-7.867823791503906250e+01
-7.867819213867187500e+01
-7.867817687988281250e+01
-7.867829895019531250e+01
-7.867825317382812500e+01
-7.867824554443359375e+01
-7.867827606201171875e+01
-7.867816162109375000e+01
-7.867823791503906250e+01
-7.867823028564453125e+01
-7.867813110351562500e+01
-7.867828369140625000e+01
-7.867823028564453125e+01
-7.867822265625000000e+01
-7.867815399169921875e+01
-7.867813110351562500e+01
-7.867827606201171875e+01
-7.867810058593750000e+01
-7.867829895019531250e+01
-7.867820739746093750e+01
-7.867827606201171875e+01
-7.867825317382812500e+01
-7.867820739746093750e+01
-7.867823791503906250e+01
-7.867825317382812500e+01
-7.867814636230468750e+01
-7.867820739746093750e+01
-7.867828369140625000e+01
-7.867829132080078125e+01
-7.867814636230468750e+01
-7.867819213867187500e+01
-7.867823791503906250e+01
-7.867819213867187500e+01
-7.867823028564453125e+01
-7.867831420898437500e+01
-7.867822265625000000e+01
-7.867815399169921875e+01
-7.867817687988281250e+01
-7.867822265625000000e+01
-7.867814636230468750e+01
-7.867805480957031250e+01
-7.867823028564453125e+01
-7.867825317382812500e+01
-7.867822265625000000e+01
-7.867817687988281250e+01
-7.867821502685546875e+01
-7.867813873291015625e+01
-7.867813873291015625e+01
-7.867834472656250000e+01
-7.867822265625000000e+01
-7.867824554443359375e+01
-7.867825317382812500e+01
-7.867821502685546875e+01
-7.867829895019531250e+01
-7.867826080322265625e+01
-7.867825317382812500e+01
-7.867827606201171875e+01
-7.867814636230468750e+01
-7.867826843261718750e+01
-7.867819213867187500e+01
-7.867823028564453125e+01
-7.867819213867187500e+01
-7.867816162109375000e+01
-7.867816925048828125e+01
-7.867825317382812500e+01
-7.867816162109375000e+01
-7.867820739746093750e+01
-7.867816162109375000e+01
-7.867817687988281250e+01
-7.867821502685546875e+01
-7.867829132080078125e+01
-7.867815399169921875e+01
-7.867821502685546875e+01
-7.867826843261718750e+01
-7.867829895019531250e+01
-7.867823791503906250e+01
-7.867810058593750000e+01
-7.867819213867187500e+01
-7.867826843261718750e+01
-7.867823791503906250e+01
-7.867817687988281250e+01
-7.867830657958984375e+01
-7.867829895019531250e+01
-7.867814636230468750e+01
-7.867822265625000000e+01
-7.867822265625000000e+01
-7.867826080322265625e+01
-7.867820739746093750e+01
-7.867835998535156250e+01
-7.867818450927734375e+01
-7.867825317382812500e+01
-7.867829132080078125e+01
-7.867822265625000000e+01
-7.867822265625000000e+01
-7.867823791503906250e+01
-7.867826843261718750e+01
-7.867823791503906250e+01
-7.867832946777343750e+01
-7.867816925048828125e+01
-7.867810058593750000e+01
-7.867828369140625000e+01
-7.867812347412109375e+01
-7.867819213867187500e+01
-7.867826080322265625e+01
-7.867831420898437500e+01
-7.867819213867187500e+01
-7.867828369140625000e+01
-7.867816162109375000e+01
-7.867816162109375000e+01
-7.867817687988281250e+01
-7.867819976806640625e+01
-7.867823791503906250e+01
-7.867826080322265625e+01
-7.867815399169921875e+01
-7.867823791503906250e+01
-7.867829132080078125e+01
-7.867816162109375000e+01
-7.867825317382812500e+01
-7.867821502685546875e+01
-7.867816162109375000e+01
-7.867826080322265625e+01
-7.867822265625000000e+01
-7.867831420898437500e+01
-7.867826843261718750e+01
-7.867822265625000000e+01
-7.867828369140625000e+01
-7.867807769775390625e+01
-7.867806243896484375e+01
-7.867813110351562500e+01
-7.867817687988281250e+01
-7.867823028564453125e+01
-7.867816925048828125e+01
-7.867822265625000000e+01
-7.867819976806640625e+01
-7.867817687988281250e+01
-7.867819213867187500e+01
-7.867819976806640625e+01
-7.867815399169921875e+01
-7.867827606201171875e+01
-7.867820739746093750e+01
-7.867811584472656250e+01
-7.867826843261718750e+01
-7.867828369140625000e+01
-7.867816162109375000e+01
-7.867820739746093750e+01
-7.867823791503906250e+01
-7.867816162109375000e+01
-7.867816162109375000e+01
-7.867815399169921875e+01
-7.867825317382812500e+01
-7.867818450927734375e+01
-7.867814636230468750e+01
-7.867832183837890625e+01
-7.867822265625000000e+01
-7.867828369140625000e+01
-7.867829895019531250e+01
-7.867826843261718750e+01
-7.867820739746093750e+01
-7.867828369140625000e+01
-7.867825317382812500e+01
-7.867832946777343750e+01
-7.867822265625000000e+01
-7.867819213867187500e+01
-7.867813110351562500e+01
-7.867821502685546875e+01
-7.867820739746093750e+01
-7.867819976806640625e+01
-7.867820739746093750e+01
-7.867814636230468750e+01
-7.867826843261718750e+01
-7.867835235595703125e+01
-7.867813110351562500e+01
-7.867817687988281250e+01
-7.867824554443359375e+01
-7.867814636230468750e+01
-7.867816162109375000e+01
-7.867832946777343750e+01
-7.867817687988281250e+01
-7.867820739746093750e+01
-7.867824554443359375e+01
-7.867819976806640625e+01
-7.867815399169921875e+01
-7.867814636230468750e+01
-7.867819213867187500e+01
-7.867826843261718750e+01
-7.867819976806640625e+01
-7.867826843261718750e+01
-7.867819976806640625e+01
-7.867823791503906250e+01
-7.867823791503906250e+01
-7.867826843261718750e+01
-7.867833709716796875e+01
-7.867823791503906250e+01
-7.867823791503906250e+01
-7.867829132080078125e+01
-7.867825317382812500e+01
-7.867823028564453125e+01
-7.867826080322265625e+01
-7.867812347412109375e+01
-7.867817687988281250e+01
-7.867828369140625000e+01
-7.867826843261718750e+01
-7.867827606201171875e+01
-7.867825317382812500e+01
-7.867828369140625000e+01
-7.867828369140625000e+01
-7.867823028564453125e+01
-7.867821502685546875e+01
-7.867820739746093750e+01
-7.867825317382812500e+01
-7.867818450927734375e+01
-7.867823791503906250e+01
-7.867819213867187500e+01
-7.867819213867187500e+01
-7.867826080322265625e+01
-7.867825317382812500e+01
-7.867818450927734375e+01
-7.867821502685546875e+01
-7.867814636230468750e+01
-7.867811584472656250e+01
-7.867825317382812500e+01
-7.867813110351562500e+01
-7.867829895019531250e+01
-7.867830657958984375e+01
-7.867820739746093750e+01
-7.867815399169921875e+01
-7.867817687988281250e+01
-7.867822265625000000e+01
-7.867816925048828125e+01
-7.867817687988281250e+01
-7.867827606201171875e+01
-7.867813110351562500e+01
-7.867826843261718750e+01
-7.867825317382812500e+01
-7.867823791503906250e+01
-7.867828369140625000e+01
-7.867823791503906250e+01
-7.867835998535156250e+01
-7.867823791503906250e+01
-7.867822265625000000e+01
-7.867819213867187500e+01
-7.867822265625000000e+01
-7.867817687988281250e+01
-7.867822265625000000e+01
-7.867813110351562500e+01
-7.867830657958984375e+01
-7.867828369140625000e+01
-7.867822265625000000e+01
-7.867823028564453125e+01
-7.867827606201171875e+01
-7.867811584472656250e+01
-7.867813873291015625e+01
-7.867817687988281250e+01
-7.867820739746093750e+01
-7.867810058593750000e+01
-7.867826843261718750e+01
-7.867826080322265625e+01
-7.867828369140625000e+01
-7.867822265625000000e+01
-7.867824554443359375e+01
-7.867819213867187500e+01
-7.867817687988281250e+01
-7.867822265625000000e+01
-7.867810821533203125e+01
-7.867819213867187500e+01
-7.867817687988281250e+01
-7.867811584472656250e+01
-7.867807006835937500e+01
-7.867826080322265625e+01
-7.867811584472656250e+01
-7.867826843261718750e+01
-7.867817687988281250e+01
-7.867816162109375000e+01
-7.867823791503906250e+01
-7.867825317382812500e+01
-7.867820739746093750e+01
-7.867815399169921875e+01
-7.867822265625000000e+01
-7.867814636230468750e+01
-7.867823791503906250e+01
-7.867819213867187500e+01
-7.867818450927734375e+01
-7.867818450927734375e+01
-7.867829132080078125e+01
-7.867815399169921875e+01
-7.867825317382812500e+01
-7.867820739746093750e+01
-7.867823791503906250e+01
-7.867823791503906250e+01
-7.867817687988281250e+01
-7.867819213867187500e+01
-7.867828369140625000e+01
-7.867818450927734375e+01
-7.867819976806640625e+01
-7.867825317382812500e+01
-7.867818450927734375e+01
-7.867820739746093750e+01
-7.867823028564453125e+01
-7.867825317382812500e+01
-7.867813110351562500e+01
-7.867817687988281250e+01
-7.867821502685546875e+01
-7.867821502685546875e+01
-7.867814636230468750e+01
-7.867814636230468750e+01
-7.867816925048828125e+01
-7.867823791503906250e+01
-7.867819213867187500e+01
-7.867829132080078125e+01
-7.867823028564453125e+01
-7.867822265625000000e+01
-7.867819213867187500e+01
-7.867812347412109375e+01
-7.867816162109375000e+01
-7.867815399169921875e+01
-7.867825317382812500e+01
-7.867816162109375000e+01
-7.867826843261718750e+01
-7.867819213867187500e+01
-7.867819213867187500e+01
-7.867821502685546875e+01
-7.867829132080078125e+01
-7.867824554443359375e+01
-7.867814636230468750e+01
-7.867810821533203125e+01
-7.867811584472656250e+01
-7.867810058593750000e+01
-7.867818450927734375e+01
-7.867826843261718750e+01
-7.867832183837890625e+01
-7.867817687988281250e+01
-7.867825317382812500e+01
-7.867815399169921875e+01
-7.867819213867187500e+01
-7.867818450927734375e+01
-7.867818450927734375e+01
-7.867813873291015625e+01
-7.867821502685546875e+01
-7.867820739746093750e+01
-7.867822265625000000e+01
-7.867818450927734375e+01
-7.867816925048828125e+01
-7.867817687988281250e+01
-7.867818450927734375e+01
-7.867819976806640625e+01
-7.867823028564453125e+01
-7.867822265625000000e+01
-7.867825317382812500e+01
-7.867815399169921875e+01
-7.867818450927734375e+01
-7.867817687988281250e+01
-7.867816925048828125e+01
-7.867813110351562500e+01
-7.867824554443359375e+01
-7.867822265625000000e+01
-7.867819976806640625e+01
-7.867816925048828125e+01
-7.867816925048828125e+01
-7.867823791503906250e+01
-7.867821502685546875e+01
-7.867818450927734375e+01
-7.867823791503906250e+01
-7.867819213867187500e+01
-7.867816162109375000e+01
-7.867824554443359375e+01
-7.867814636230468750e+01
-7.867819976806640625e+01
-7.867816162109375000e+01
-7.867819213867187500e+01
-7.867821502685546875e+01
-7.867822265625000000e+01
-7.867821502685546875e+01
-7.867821502685546875e+01
-7.867826080322265625e+01
-7.867820739746093750e+01
-7.867824554443359375e+01
-7.867823791503906250e+01
-7.867814636230468750e+01
-7.867817687988281250e+01
-7.867834472656250000e+01
-7.867832946777343750e+01
-7.867821502685546875e+01
-7.867829895019531250e+01
-7.867823791503906250e+01
-7.867817687988281250e+01
-7.867821502685546875e+01
-7.867820739746093750e+01
-7.867825317382812500e+01
-7.867815399169921875e+01
-7.867825317382812500e+01
-7.867826843261718750e+01
-7.867815399169921875e+01
-7.867811584472656250e+01
-7.867815399169921875e+01
-7.867824554443359375e+01
-7.867824554443359375e+01
-7.867816162109375000e+01
-7.867820739746093750e+01
-7.867819976806640625e+01
-7.867812347412109375e+01
-7.867816162109375000e+01
-7.867822265625000000e+01
-7.867817687988281250e+01
-7.867820739746093750e+01
-7.867813110351562500e+01
-7.867823028564453125e+01
-7.867819976806640625e+01
-7.867829895019531250e+01
-7.867824554443359375e+01
-7.867823791503906250e+01
-7.867822265625000000e+01
-7.867807006835937500e+01
-7.867822265625000000e+01
-7.867826843261718750e+01
-7.867821502685546875e+01
-7.867829895019531250e+01
-7.867827606201171875e+01
-7.867822265625000000e+01
-7.867832946777343750e+01
-7.867821502685546875e+01
-7.867828369140625000e+01
-7.867825317382812500e+01
-7.867823028564453125e+01
-7.867825317382812500e+01
-7.867823791503906250e+01
-7.867810058593750000e+01
-7.867819213867187500e+01
-7.867830657958984375e+01
-7.867813110351562500e+01
-7.867817687988281250e+01
-7.867820739746093750e+01
-7.867828369140625000e+01
-7.867829132080078125e+01
-7.867816162109375000e+01
-7.867821502685546875e+01
-7.867819213867187500e+01
-7.867822265625000000e+01
-7.867820739746093750e+01
-7.867822265625000000e+01
-7.867834472656250000e+01
-7.867825317382812500e+01
-7.867832183837890625e+01
-7.867823028564453125e+01
-7.867826843261718750e+01
-7.867823028564453125e+01
-7.867823791503906250e+01
-7.867822265625000000e+01
-7.867817687988281250e+01
-7.867818450927734375e+01
-7.867813110351562500e+01
-7.867820739746093750e+01
-7.867819213867187500e+01
-7.867817687988281250e+01
-7.867813110351562500e+01
-7.867816162109375000e+01
-7.867819213867187500e+01
-7.867819213867187500e+01
-7.867819213867187500e+01
-7.867807006835937500e+01
-7.867827606201171875e+01
-7.867820739746093750e+01
-7.867817687988281250e+01
-7.867822265625000000e+01
-7.867823028564453125e+01
-7.867814636230468750e+01
-7.867826843261718750e+01
-7.867823028564453125e+01
-7.867823791503906250e+01
-7.867817687988281250e+01
-7.867816162109375000e+01
-7.867816925048828125e+01
-7.867817687988281250e+01
-7.867827606201171875e+01
-7.867829895019531250e+01
-7.867813110351562500e+01
-7.867823791503906250e+01
-7.867822265625000000e+01
-7.867817687988281250e+01
-7.867822265625000000e+01
-7.867813873291015625e+01
-7.867820739746093750e+01
-7.867822265625000000e+01
-7.867820739746093750e+01
-7.867822265625000000e+01
-7.867819976806640625e+01
-7.867827606201171875e+01
-7.867822265625000000e+01
-7.867827606201171875e+01
-7.867820739746093750e+01
-7.867820739746093750e+01
-7.867823791503906250e+01
-7.867823791503906250e+01
-7.867825317382812500e+01
-7.867832946777343750e+01
-7.867823028564453125e+01
-7.867822265625000000e+01
-7.867823791503906250e+01
-7.867819213867187500e+01
-7.867819213867187500e+01
-7.867810821533203125e+01
-7.867809295654296875e+01
-7.867819976806640625e+01
-7.867828369140625000e+01
-7.867811584472656250e+01
-7.867831420898437500e+01
-7.867816925048828125e+01
-7.867828369140625000e+01
-7.867815399169921875e+01
-7.867823791503906250e+01
-7.867822265625000000e+01
-7.867811584472656250e+01
-7.867816162109375000e+01
-7.867825317382812500e+01
-7.867812347412109375e+01
-7.867820739746093750e+01
-7.867814636230468750e+01
-7.867820739746093750e+01
-7.867814636230468750e+01
-7.867818450927734375e+01
-7.867832946777343750e+01
-7.867829895019531250e+01
-7.867812347412109375e+01
-7.867810821533203125e+01
-7.867826843261718750e+01
-7.867820739746093750e+01
-7.867817687988281250e+01
-7.867826080322265625e+01
-7.867813873291015625e+01
-7.867826843261718750e+01
-7.867819213867187500e+01
-7.867820739746093750e+01
-7.867819213867187500e+01
-7.867817687988281250e+01
-7.867822265625000000e+01
-7.867822265625000000e+01
-7.867826080322265625e+01
-7.867825317382812500e+01
-7.867816925048828125e+01
-7.867823028564453125e+01
-7.867819213867187500e+01
-7.867826080322265625e+01
-7.867810058593750000e+01
-7.867820739746093750e+01
-7.867823028564453125e+01
-7.867816925048828125e+01
-7.867823028564453125e+01
-7.867820739746093750e+01
-7.867829895019531250e+01
-7.867823028564453125e+01
-7.867819213867187500e+01
-7.867829132080078125e+01
-7.867811584472656250e+01
-7.867823791503906250e+01
-7.867817687988281250e+01
-7.867815399169921875e+01
-7.867823791503906250e+01
-7.867829895019531250e+01
-7.867833709716796875e+01
-7.867821502685546875e+01
-7.867817687988281250e+01
-7.867825317382812500e+01
-7.867810058593750000e+01
-7.867820739746093750e+01
-7.867819213867187500e+01
-7.867820739746093750e+01
-7.867820739746093750e+01
-7.867819976806640625e+01
-7.867826843261718750e+01
-7.867825317382812500e+01
-7.867824554443359375e+01
-7.867816925048828125e+01
-7.867831420898437500e+01
-7.867823791503906250e+01
-7.867819976806640625e+01
-7.867813110351562500e+01
-7.867818450927734375e+01
-7.867820739746093750e+01
-7.867823028564453125e+01
-7.867819213867187500e+01
-7.867819213867187500e+01
-7.867819976806640625e+01
-7.867823791503906250e+01
-7.867817687988281250e+01
-7.867823791503906250e+01
-7.867819213867187500e+01
-7.867816162109375000e+01
-7.867816925048828125e+01
-7.867816925048828125e+01
-7.867818450927734375e+01
-7.867824554443359375e+01
-7.867814636230468750e+01
-7.867830657958984375e+01
-7.867835998535156250e+01
-7.867826843261718750e+01
-7.867821502685546875e+01
-7.867825317382812500e+01
-7.867818450927734375e+01
-7.867825317382812500e+01
-7.867813873291015625e+01
-7.867819976806640625e+01
-7.867815399169921875e+01
-7.867821502685546875e+01
-7.867811584472656250e+01
-7.867816162109375000e+01
-7.867808532714843750e+01
-7.867816162109375000e+01
-7.867816925048828125e+01
-7.867828369140625000e+01
-7.867822265625000000e+01
-7.867813873291015625e+01
-7.867816925048828125e+01
-7.867823791503906250e+01
-7.867816162109375000e+01
-7.867823791503906250e+01
-7.867818450927734375e+01
-7.867812347412109375e+01
-7.867826843261718750e+01
-7.867825317382812500e+01
-7.867814636230468750e+01
-7.867817687988281250e+01
-7.867811584472656250e+01
-7.867815399169921875e+01
-7.867819213867187500e+01
-7.867822265625000000e+01
-7.867824554443359375e+01
-7.867814636230468750e+01
-7.867814636230468750e+01
-7.867816162109375000e+01
-7.867819213867187500e+01
-7.867812347412109375e+01
-7.867813110351562500e+01
-7.867823791503906250e+01
-7.867813873291015625e+01
-7.867823791503906250e+01
-7.867819213867187500e+01
-7.867825317382812500e+01
-7.867829132080078125e+01
-7.867815399169921875e+01
-7.867826843261718750e+01
-7.867825317382812500e+01
-7.867825317382812500e+01
-7.867820739746093750e+01
-7.867823791503906250e+01
-7.867818450927734375e+01
-7.867811584472656250e+01
-7.867816162109375000e+01
-7.867819976806640625e+01
-7.867821502685546875e+01
-7.867823791503906250e+01
-7.867817687988281250e+01
-7.867822265625000000e+01
-7.867816925048828125e+01
-7.867821502685546875e+01
-7.867820739746093750e+01
-7.867824554443359375e+01
-7.867820739746093750e+01
-7.867825317382812500e+01
-7.867825317382812500e+01
-7.867816925048828125e+01
-7.867815399169921875e+01
-7.867816162109375000e+01
-7.867813873291015625e+01
-7.867824554443359375e+01
-7.867821502685546875e+01
-7.867819976806640625e+01
-7.867815399169921875e+01
-7.867807769775390625e+01
-7.867816925048828125e+01
-7.867823791503906250e+01
-7.867819213867187500e+01
-7.867817687988281250e+01
-7.867826843261718750e+01
-7.867829132080078125e+01
-7.867822265625000000e+01
-7.867824554443359375e+01
-7.867819213867187500e+01
-7.867822265625000000e+01
-7.867823791503906250e+01
-7.867813110351562500e+01
-7.867819213867187500e+01
-7.867818450927734375e+01
-7.867819213867187500e+01
-7.867824554443359375e+01
-7.867825317382812500e+01
-7.867820739746093750e+01
-7.867819213867187500e+01
-7.867822265625000000e+01
-7.867829132080078125e+01
-7.867813110351562500e+01
-7.867825317382812500e+01
-7.867821502685546875e+01
-7.867825317382812500e+01
-7.867827606201171875e+01
-7.867816162109375000e+01
-7.867824554443359375e+01
-7.867823791503906250e+01
-7.867816162109375000e+01
-7.867810058593750000e+01
-7.867822265625000000e+01
-7.867805480957031250e+01
-7.867827606201171875e+01
-7.867814636230468750e+01
-7.867822265625000000e+01
-7.867813110351562500e+01
-7.867808532714843750e+01
-7.867809295654296875e+01
-7.867826080322265625e+01
-7.867814636230468750e+01
-7.867824554443359375e+01
-7.867826843261718750e+01
-7.867813110351562500e+01
-7.867836761474609375e+01
-7.867816925048828125e+01
-7.867823791503906250e+01
-7.867814636230468750e+01
-7.867820739746093750e+01
-7.867825317382812500e+01
-7.867820739746093750e+01
-7.867825317382812500e+01
-7.867816925048828125e+01
-7.867813110351562500e+01
-7.867823028564453125e+01
-7.867826080322265625e+01
-7.867826843261718750e+01
-7.867826080322265625e+01
-7.867824554443359375e+01
-7.867821502685546875e+01
-7.867821502685546875e+01
-7.867826843261718750e+01
-7.867822265625000000e+01
-7.867826843261718750e+01
-7.867821502685546875e+01
-7.867814636230468750e+01
-7.867822265625000000e+01
-7.867823028564453125e+01
-7.867818450927734375e+01
-7.867820739746093750e+01
-7.867816925048828125e+01
-7.867829895019531250e+01
-7.867819976806640625e+01
-7.867809295654296875e+01
-7.867823791503906250e+01
-7.867823791503906250e+01
-7.867816162109375000e+01
-7.867810821533203125e+01
-7.867819213867187500e+01
-7.867828369140625000e+01
-7.867825317382812500e+01
-7.867827606201171875e+01
-7.867819976806640625e+01
-7.867820739746093750e+01
-7.867820739746093750e+01
-7.867819213867187500e+01
-7.867814636230468750e+01
-7.867841339111328125e+01
-7.867817687988281250e+01
-7.867823028564453125e+01
-7.867825317382812500e+01
-7.867826843261718750e+01
-7.867823791503906250e+01
-7.867828369140625000e+01
-7.867816925048828125e+01
-7.867816162109375000e+01
-7.867819213867187500e+01
-7.867809295654296875e+01
-7.867833709716796875e+01
-7.867814636230468750e+01
-7.867810821533203125e+01
-7.867814636230468750e+01
-7.867811584472656250e+01
-7.867822265625000000e+01
-7.867819213867187500e+01
-7.867823028564453125e+01
-7.867819976806640625e+01
-7.867823791503906250e+01
-7.867816162109375000e+01
-7.867816925048828125e+01
-7.867822265625000000e+01
-7.867827606201171875e+01
-7.867820739746093750e+01
-7.867822265625000000e+01
-7.867813110351562500e+01
-7.867819976806640625e+01
-7.867819976806640625e+01
-7.867820739746093750e+01
-7.867822265625000000e+01
-7.867823028564453125e+01
-7.867827606201171875e+01
-7.867823791503906250e+01
-7.867828369140625000e+01
-7.867813110351562500e+01
-7.867826843261718750e+01
-7.867811584472656250e+01
-7.867826843261718750e+01
-7.867831420898437500e+01
-7.867825317382812500e+01
-7.867819213867187500e+01
-7.867816925048828125e+01
-7.867823028564453125e+01
-7.867819213867187500e+01
-7.867822265625000000e+01
-7.867818450927734375e+01
-7.867814636230468750e+01
-7.867825317382812500e+01
-7.867817687988281250e+01
-7.867811584472656250e+01
-7.867814636230468750e+01
-7.867816162109375000e+01
-7.867816162109375000e+01
-7.867814636230468750e+01
-7.867823028564453125e+01
-7.867810058593750000e+01
-7.867826843261718750e+01
-7.867808532714843750e+01
-7.867810058593750000e+01
-7.867813873291015625e+01
-7.867829132080078125e+01
-7.867820739746093750e+01
-7.867814636230468750e+01
-7.867829895019531250e+01
-7.867826843261718750e+01
-7.867823791503906250e+01
-7.867823791503906250e+01
-7.867823791503906250e+01
-7.867821502685546875e+01
-7.867822265625000000e+01
-7.867820739746093750e+01
-7.867823028564453125e+01
-7.867822265625000000e+01
-7.867820739746093750e+01
-7.867825317382812500e+01
-7.867823791503906250e+01
-7.867820739746093750e+01
-7.867820739746093750e+01
-7.867823028564453125e+01
-7.867819976806640625e+01
-7.867816162109375000e+01
-7.867825317382812500e+01
-7.867829895019531250e+01
-7.867819213867187500e+01
-7.867823028564453125e+01
-7.867820739746093750e+01
-7.867823791503906250e+01
-7.867824554443359375e+01
-7.867830657958984375e+01
-7.867823028564453125e+01
-7.867823791503906250e+01
-7.867814636230468750e+01
-7.867817687988281250e+01
-7.867828369140625000e+01
-7.867819976806640625e+01
-7.867820739746093750e+01
-7.867819213867187500e+01
-7.867823028564453125e+01
-7.867831420898437500e+01
-7.867821502685546875e+01
-7.867820739746093750e+01
-7.867823791503906250e+01
-7.867813873291015625e+01
-7.867821502685546875e+01
-7.867813873291015625e+01
-7.867828369140625000e+01
-7.867810058593750000e+01
-7.867824554443359375e+01
-7.867824554443359375e+01
-7.867816925048828125e+01
-7.867817687988281250e+01
-7.867816925048828125e+01
-7.867817687988281250e+01
-7.867820739746093750e+01
-7.867825317382812500e+01
-7.867823791503906250e+01
-7.867815399169921875e+01
-7.867819976806640625e+01
-7.867825317382812500e+01
-7.867811584472656250e+01
-7.867811584472656250e+01
-7.867821502685546875e+01
-7.867814636230468750e+01
-7.867816162109375000e+01
-7.867832946777343750e+01
-7.867823791503906250e+01
-7.867823791503906250e+01
-7.867816925048828125e+01
-7.867825317382812500e+01
-7.867823028564453125e+01
-7.867816162109375000e+01
-7.867820739746093750e+01
-7.867814636230468750e+01
-7.867824554443359375e+01
-7.867821502685546875e+01
-7.867829132080078125e+01
-7.867816162109375000e+01
-7.867814636230468750e+01
-7.867817687988281250e+01
-7.867817687988281250e+01
-7.867813873291015625e+01
-7.867823791503906250e+01
-7.867821502685546875e+01
-7.867814636230468750e+01
-7.867813873291015625e+01
-7.867811584472656250e+01
-7.867823791503906250e+01
-7.867823791503906250e+01
-7.867821502685546875e+01
-7.867823791503906250e+01
-7.867819213867187500e+01
-7.867826843261718750e+01
-7.867824554443359375e+01
-7.867820739746093750e+01
-7.867811584472656250e+01
-7.867813110351562500e+01
-7.867817687988281250e+01
-7.867822265625000000e+01
-7.867820739746093750e+01
-7.867819213867187500e+01
-7.867817687988281250e+01
-7.867816162109375000e+01
-7.867826843261718750e+01
-7.867834472656250000e+01
-7.867816925048828125e+01
-7.867823028564453125e+01
-7.867816162109375000e+01
-7.867819213867187500e+01
-7.867813110351562500e+01
-7.867830657958984375e+01
-7.867821502685546875e+01
-7.867823028564453125e+01
-7.867828369140625000e+01
-7.867817687988281250e+01
-7.867819213867187500e+01
-7.867813110351562500e+01
-7.867813110351562500e+01
-7.867820739746093750e+01
-7.867816925048828125e+01
-7.867823791503906250e+01
-7.867822265625000000e+01
-7.867820739746093750e+01
-7.867822265625000000e+01
-7.867813873291015625e+01
-7.867820739746093750e+01
-7.867820739746093750e+01
-7.867816925048828125e+01
-7.867811584472656250e+01
-7.867820739746093750e+01
-7.867814636230468750e+01
-7.867830657958984375e+01
-7.867829895019531250e+01
-7.867819213867187500e+01
-7.867820739746093750e+01
-7.867816925048828125e+01
-7.867821502685546875e+01
-7.867822265625000000e+01
-7.867817687988281250e+01
-7.867813873291015625e+01
-7.867819213867187500e+01
-7.867826843261718750e+01
-7.867816162109375000e+01
-7.867819976806640625e+01
-7.867817687988281250e+01
-7.867817687988281250e+01
-7.867810821533203125e+01
-7.867813110351562500e+01
-7.867815399169921875e+01
-7.867816925048828125e+01
-7.867813110351562500e+01
-7.867828369140625000e+01
-7.867813110351562500e+01
-7.867817687988281250e+01
-7.867813110351562500e+01
-7.867817687988281250e+01
-7.867816162109375000e+01
-7.867820739746093750e+01
-7.867826843261718750e+01
-7.867807769775390625e+01
-7.867819213867187500e+01
-7.867823791503906250e+01
-7.867832183837890625e+01
-7.867822265625000000e+01
-7.867826080322265625e+01
-7.867811584472656250e+01
-7.867813873291015625e+01
-7.867825317382812500e+01
-7.867817687988281250e+01
-7.867813110351562500e+01
-7.867811584472656250e+01
-7.867828369140625000e+01
-7.867823791503906250e+01
-7.867825317382812500e+01
-7.867822265625000000e+01
-7.867821502685546875e+01
-7.867817687988281250e+01
-7.867821502685546875e+01
-7.867818450927734375e+01
-7.867816925048828125e+01
-7.867828369140625000e+01
-7.867820739746093750e+01
-7.867811584472656250e+01
-7.867818450927734375e+01
-7.867819976806640625e+01
-7.867820739746093750e+01
-7.867810821533203125e+01
-7.867817687988281250e+01
-7.867815399169921875e+01
-7.867828369140625000e+01
-7.867826843261718750e+01
-7.867830657958984375e+01
-7.867819213867187500e+01
-7.867819213867187500e+01
-7.867822265625000000e+01
-7.867817687988281250e+01
-7.867827606201171875e+01
-7.867813873291015625e+01
-7.867809295654296875e+01
-7.867816162109375000e+01
-7.867814636230468750e+01
-7.867807006835937500e+01
-7.867823791503906250e+01
-7.867825317382812500e+01
-7.867817687988281250e+01
-7.867817687988281250e+01
-7.867817687988281250e+01
-7.867826843261718750e+01
-7.867817687988281250e+01
-7.867817687988281250e+01
-7.867817687988281250e+01
-7.867823791503906250e+01
-7.867815399169921875e+01
-7.867826080322265625e+01
-7.867828369140625000e+01
-7.867826080322265625e+01
-7.867824554443359375e+01
-7.867821502685546875e+01
-7.867822265625000000e+01
-7.867822265625000000e+01
-7.867828369140625000e+01
-7.867822265625000000e+01
-7.867813110351562500e+01
-7.867826843261718750e+01
-7.867812347412109375e+01
-7.867814636230468750e+01
-7.867819976806640625e+01
-7.867817687988281250e+01
-7.867818450927734375e+01
-7.867819976806640625e+01
-7.867823791503906250e+01
-7.867828369140625000e+01
-7.867816162109375000e+01
-7.867817687988281250e+01
-7.867824554443359375e+01
-7.867826843261718750e+01
-7.867819213867187500e+01
-7.867816162109375000e+01
-7.867827606201171875e+01
-7.867825317382812500e+01
-7.867831420898437500e+01
-7.867826080322265625e+01
-7.867829895019531250e+01
-7.867810058593750000e+01
-7.867815399169921875e+01
-7.867822265625000000e+01
-7.867813873291015625e+01
-7.867823028564453125e+01
-7.867820739746093750e+01
-7.867819976806640625e+01
-7.867823791503906250e+01
-7.867816162109375000e+01
-7.867824554443359375e+01
-7.867813110351562500e+01
-7.867821502685546875e+01
-7.867816162109375000e+01
-7.867812347412109375e+01
-7.867825317382812500e+01
-7.867820739746093750e+01
-7.867818450927734375e+01
-7.867816925048828125e+01
-7.867816162109375000e+01
-7.867822265625000000e+01
-7.867823791503906250e+01
-7.867825317382812500e+01
-7.867822265625000000e+01
-7.867826843261718750e+01
-7.867813110351562500e+01
-7.867829895019531250e+01
-7.867823791503906250e+01
-7.867819213867187500e+01
-7.867819213867187500e+01
-7.867811584472656250e+01
-7.867813110351562500e+01
-7.867819976806640625e+01
-7.867819213867187500e+01
-7.867823791503906250e+01
-7.867814636230468750e+01
-7.867825317382812500e+01
-7.867830657958984375e+01
-7.867827606201171875e+01
-7.867819213867187500e+01
-7.867825317382812500e+01
-7.867822265625000000e+01
-7.867825317382812500e+01
-7.867819213867187500e+01
-7.867819213867187500e+01
-7.867826080322265625e+01
-7.867813110351562500e+01
-7.867818450927734375e+01
-7.867821502685546875e+01
-7.867815399169921875e+01
-7.867823028564453125e+01
-7.867812347412109375e+01
-7.867821502685546875e+01
-7.867816162109375000e+01
-7.867826843261718750e+01
-7.867823028564453125e+01
-7.867827606201171875e+01
-7.867816925048828125e+01
-7.867819976806640625e+01
-7.867817687988281250e+01
-7.867829132080078125e+01
-7.867817687988281250e+01
-7.867830657958984375e+01
-7.867825317382812500e+01
-7.867825317382812500e+01
-7.867820739746093750e+01
-7.867820739746093750e+01
-7.867822265625000000e+01
-7.867826843261718750e+01
-7.867824554443359375e+01
-7.867823791503906250e+01
-7.867818450927734375e+01
-7.867819976806640625e+01
-7.867819213867187500e+01
-7.867813873291015625e+01
-7.867817687988281250e+01
-7.867813110351562500e+01
-7.867814636230468750e+01
-7.867825317382812500e+01
-7.867826080322265625e+01
-7.867816162109375000e+01
-7.867813873291015625e+01
-7.867826843261718750e+01
-7.867824554443359375e+01
-7.867825317382812500e+01
-7.867825317382812500e+01
-7.867824554443359375e+01
-7.867819213867187500e+01
-7.867819213867187500e+01
-7.867822265625000000e+01
-7.867823791503906250e+01
-7.867819213867187500e+01
-7.867826843261718750e+01
-7.867821502685546875e+01
-7.867826080322265625e+01
-7.867820739746093750e+01
-7.867816925048828125e+01
-7.867827606201171875e+01
-7.867821502685546875e+01
-7.867822265625000000e+01
-7.867822265625000000e+01
-7.867829132080078125e+01
-7.867826843261718750e+01
-7.867823791503906250e+01
-7.867825317382812500e+01
-7.867814636230468750e+01
-7.867825317382812500e+01
-7.867820739746093750e+01
-7.867811584472656250e+01
-7.867822265625000000e+01
-7.867829132080078125e+01
-7.867833709716796875e+01
-7.867829895019531250e+01
-7.867820739746093750e+01
-7.867826843261718750e+01
-7.867818450927734375e+01
-7.867825317382812500e+01
-7.867823791503906250e+01
-7.867822265625000000e+01
-7.867830657958984375e+01
-7.867825317382812500e+01
-7.867820739746093750e+01
-7.867826843261718750e+01
-7.867822265625000000e+01
-7.867820739746093750e+01
-7.867826080322265625e+01
-7.867818450927734375e+01
-7.867820739746093750e+01
-7.867825317382812500e+01
-7.867838287353515625e+01
-7.867828369140625000e+01
-7.867832946777343750e+01
-7.867823028564453125e+01
-7.867820739746093750e+01
-7.867823791503906250e+01
-7.867826080322265625e+01
-7.867832946777343750e+01
-7.867824554443359375e+01
-7.867826843261718750e+01
-7.867823791503906250e+01
-7.867812347412109375e+01
-7.867818450927734375e+01
-7.867829895019531250e+01
-7.867820739746093750e+01
-7.867821502685546875e+01
-7.867819213867187500e+01
-7.867819976806640625e+01
-7.867820739746093750e+01
-7.867826080322265625e+01
-7.867829132080078125e+01
-7.867826080322265625e+01
-7.867824554443359375e+01
-7.867810058593750000e+01
-7.867820739746093750e+01
-7.867823791503906250e+01
-7.867829132080078125e+01
-7.867825317382812500e+01
-7.867828369140625000e+01
-7.867819213867187500e+01
-7.867812347412109375e+01
-7.867819976806640625e+01
-7.867814636230468750e+01
-7.867823028564453125e+01
-7.867822265625000000e+01
-7.867825317382812500e+01
-7.867819976806640625e+01
-7.867823028564453125e+01
-7.867819976806640625e+01
-7.867822265625000000e+01
-7.867815399169921875e+01
-7.867816925048828125e+01
-7.867819213867187500e+01
-7.867815399169921875e+01
-7.867813110351562500e+01
-7.867817687988281250e+01
-7.867811584472656250e+01
-7.867820739746093750e+01
-7.867831420898437500e+01
-7.867822265625000000e+01
-7.867819213867187500e+01
-7.867820739746093750e+01
-7.867820739746093750e+01
-7.867813873291015625e+01
-7.867822265625000000e+01
-7.867823791503906250e+01
-7.867820739746093750e+01
-7.867819213867187500e+01
-7.867820739746093750e+01
-7.867834472656250000e+01
-7.867842102050781250e+01
-7.867815399169921875e+01
-7.867823791503906250e+01
-7.867828369140625000e+01
-7.867820739746093750e+01
-7.867828369140625000e+01
-7.867816925048828125e+01
-7.867826843261718750e+01
-7.867834472656250000e+01
-7.867826080322265625e+01
-7.867835998535156250e+01
-7.867821502685546875e+01
-7.867832946777343750e+01
-7.867823791503906250e+01
-7.867823791503906250e+01
-7.867825317382812500e+01
-7.867811584472656250e+01
-7.867819976806640625e+01
-7.867826843261718750e+01
-7.867822265625000000e+01
-7.867807006835937500e+01
-7.867828369140625000e+01
-7.867822265625000000e+01
-7.867819213867187500e+01
-7.867825317382812500e+01
-7.867837524414062500e+01
-7.867823791503906250e+01
-7.867814636230468750e+01
-7.867831420898437500e+01
-7.867820739746093750e+01
-7.867819213867187500e+01
-7.867829895019531250e+01
-7.867819213867187500e+01
-7.867820739746093750e+01
-7.867823791503906250e+01
-7.867807006835937500e+01
-7.867819976806640625e+01
-7.867817687988281250e+01
-7.867823028564453125e+01
-7.867825317382812500e+01
-7.867822265625000000e+01
-7.867827606201171875e+01
-7.867825317382812500e+01
-7.867811584472656250e+01
-7.867823791503906250e+01
-7.867823791503906250e+01
-7.867813110351562500e+01
-7.867813110351562500e+01
-7.867819213867187500e+01
-7.867819976806640625e+01
-7.867816925048828125e+01
-7.867820739746093750e+01
-7.867819976806640625e+01
-7.867819213867187500e+01
-7.867827606201171875e+01
-7.867820739746093750e+01
-7.867813110351562500e+01
-7.867813110351562500e+01
-7.867813110351562500e+01
-7.867816162109375000e+01
-7.867818450927734375e+01
-7.867813110351562500e+01
-7.867823791503906250e+01
-7.867822265625000000e+01
-7.867819976806640625e+01
-7.867822265625000000e+01
-7.867819976806640625e+01
-7.867822265625000000e+01
-7.867811584472656250e+01
-7.867820739746093750e+01
-7.867824554443359375e+01
-7.867825317382812500e+01
-7.867822265625000000e+01
-7.867823791503906250e+01
-7.867828369140625000e+01
-7.867816162109375000e+01
-7.867823791503906250e+01
-7.867818450927734375e+01
-7.867820739746093750e+01
-7.867813110351562500e+01
-7.867818450927734375e+01
-7.867813110351562500e+01
-7.867828369140625000e+01
-7.867823028564453125e+01
-7.867829132080078125e+01
-7.867814636230468750e+01
-7.867816162109375000e+01
-7.867816162109375000e+01
-7.867830657958984375e+01
-7.867826080322265625e+01
-7.867806243896484375e+01
-7.867816162109375000e+01
-7.867820739746093750e+01
-7.867817687988281250e+01
-7.867823028564453125e+01
-7.867818450927734375e+01
-7.867819213867187500e+01
-7.867819976806640625e+01
-7.867823791503906250e+01
-7.867819213867187500e+01
-7.867823791503906250e+01
-7.867819213867187500e+01
-7.867823791503906250e+01
-7.867823791503906250e+01
-7.867813873291015625e+01
-7.867822265625000000e+01
-7.867812347412109375e+01
-7.867819213867187500e+01
-7.867805480957031250e+01
-7.867820739746093750e+01
-7.867817687988281250e+01
-7.867810058593750000e+01
-7.867827606201171875e+01
-7.867826080322265625e+01
-7.867822265625000000e+01
-7.867821502685546875e+01
-7.867818450927734375e+01
-7.867816925048828125e+01
-7.867815399169921875e+01
-7.867834472656250000e+01
-7.867826843261718750e+01
-7.867826843261718750e+01
-7.867816162109375000e+01
-7.867819213867187500e+01
-7.867829895019531250e+01
-7.867827606201171875e+01
-7.867822265625000000e+01
-7.867831420898437500e+01
-7.867821502685546875e+01
-7.867823791503906250e+01
-7.867827606201171875e+01
-7.867817687988281250e+01
-7.867823791503906250e+01
-7.867813110351562500e+01
-7.867810058593750000e+01
-7.867820739746093750e+01
-7.867819976806640625e+01
-7.867823028564453125e+01
-7.867814636230468750e+01
-7.867822265625000000e+01
-7.867823028564453125e+01
-7.867823028564453125e+01
-7.867811584472656250e+01
-7.867810821533203125e+01
-7.867816162109375000e+01
-7.867823028564453125e+01
-7.867816162109375000e+01
-7.867823028564453125e+01
-7.867825317382812500e+01
-7.867826843261718750e+01
-7.867816162109375000e+01
-7.867819976806640625e+01
-7.867824554443359375e+01
-7.867822265625000000e+01
-7.867823791503906250e+01
-7.867828369140625000e+01
-7.867817687988281250e+01
-7.867821502685546875e+01
-7.867812347412109375e+01
-7.867822265625000000e+01
-7.867816162109375000e+01
-7.867821502685546875e+01
-7.867822265625000000e+01
-7.867831420898437500e+01
-7.867816162109375000e+01
-7.867819213867187500e+01
-7.867824554443359375e+01
-7.867822265625000000e+01
-7.867824554443359375e+01
-7.867831420898437500e+01
-7.867823791503906250e+01
-7.867816162109375000e+01
-7.867826080322265625e+01
