-4.391546630859375000e+01
-4.968564987182617188e+01
-5.171511840820312500e+01
-5.044788360595703125e+01
-5.102090454101562500e+01
-5.075027847290039062e+01
-5.202831649780273438e+01
-5.006175994873046875e+01
-5.561300659179687500e+01
-5.156029129028320312e+01
-5.738386154174804688e+01
-5.677215957641601562e+01
-5.440512847900390625e+01
-5.356484222412109375e+01
-5.149309921264648438e+01
-5.461207199096679688e+01
-5.766852188110351562e+01
-5.801955795288085938e+01
-6.258046340942382812e+01
-6.406022644042968750e+01
-6.957689666748046875e+01
-6.666033935546875000e+01
-6.714373016357421875e+01
-6.995748138427734375e+01
-7.162606811523437500e+01
-7.201796722412109375e+01
-7.088072204589843750e+01
-7.209703826904296875e+01
-7.230738830566406250e+01
-7.350396728515625000e+01
-7.394461822509765625e+01
-7.316188049316406250e+01
-7.265842437744140625e+01
-7.615791320800781250e+01
-7.421046447753906250e+01
-7.324625396728515625e+01
-7.356616210937500000e+01
-7.586481475830078125e+01
-7.396650695800781250e+01
-7.633404541015625000e+01
-7.594757843017578125e+01
-7.638896179199218750e+01
-7.696726989746093750e+01
-7.675696563720703125e+01
-7.725719451904296875e+01
-7.741033935546875000e+01
-7.742995452880859375e+01
-7.740943908691406250e+01
-7.779703521728515625e+01
-7.779718780517578125e+01
-7.791146087646484375e+01
-7.818047332763671875e+01
-7.803563690185546875e+01
-7.820794677734375000e+01
-7.827313995361328125e+01
-7.826629638671875000e+01
-7.829733276367187500e+01
-7.841291046142578125e+01
-7.840563964843750000e+01
-7.844242095947265625e+01
-7.841975402832031250e+01
-7.848844909667968750e+01
-7.853353118896484375e+01
-7.850380706787109375e+01
-7.855410766601562500e+01
-7.858304595947265625e+01
-7.858582305908203125e+01
-7.858850097656250000e+01
-7.859609985351562500e+01
-7.860719299316406250e+01
-7.863779449462890625e+01
-7.863514709472656250e+01
-7.863790893554687500e+01
-7.864595794677734375e+01
-7.865449523925781250e+01
-7.867430114746093750e+01
-7.866553497314453125e+01
-7.867362976074218750e+01
-7.867503356933593750e+01
-7.867364501953125000e+01
-7.868095397949218750e+01
-7.868968200683593750e+01
-7.869013977050781250e+01
-7.868647003173828125e+01
-7.869499969482421875e+01
-7.868908691406250000e+01
-7.869197845458984375e+01
-7.869484710693359375e+01
-7.869658660888671875e+01
-7.870027923583984375e+01
-7.870213317871093750e+01
-7.870558166503906250e+01
-7.870717620849609375e+01
-7.870666503906250000e+01
-7.870586395263671875e+01
-7.870712280273437500e+01
-7.870674896240234375e+01
-7.870529174804687500e+01
-7.870683288574218750e+01
-7.870722961425781250e+01
-7.870635986328125000e+01
-7.870653533935546875e+01
-7.870610809326171875e+01
-7.870476531982421875e+01
-7.870339965820312500e+01
-7.870075988769531250e+01
-7.869718170166015625e+01
-7.869167327880859375e+01
-7.868383789062500000e+01
-7.867317962646484375e+01
-7.866037750244140625e+01
-7.864472961425781250e+01
-7.863066864013671875e+01
-7.861980438232421875e+01
-7.862140655517578125e+01
-7.863409423828125000e+01
-7.865752410888671875e+01
-7.867907714843750000e+01
-7.868540191650390625e+01
-7.866521453857421875e+01
-7.861261749267578125e+01
-7.852751159667968750e+01
-7.841613769531250000e+01
-7.831658935546875000e+01
-7.830908203125000000e+01
-7.845431518554687500e+01
-7.865025329589843750e+01
-7.871300506591796875e+01
-7.862141418457031250e+01
-7.853437042236328125e+01
-7.857353973388671875e+01
-7.866590881347656250e+01
-7.867716217041015625e+01
-7.864601135253906250e+01
-7.865188598632812500e+01
-7.866108703613281250e+01
-7.866777801513671875e+01
-7.869445800781250000e+01
-7.868833160400390625e+01
-7.866023254394531250e+01
-7.868606567382812500e+01
-7.871772003173828125e+01
-7.869696807861328125e+01
-7.868704223632812500e+01
-7.870336914062500000e+01
-7.870585632324218750e+01
-7.870554351806640625e+01
-7.870325469970703125e+01
-7.870048522949218750e+01
-7.871397399902343750e+01
-7.871720123291015625e+01
-7.870594024658203125e+01
-7.871034240722656250e+01
-7.871640014648437500e+01
-7.871340942382812500e+01
-7.871299743652343750e+01
-7.871227264404296875e+01
-7.871469116210937500e+01
-7.871928405761718750e+01
-7.871598815917968750e+01
-7.871445465087890625e+01
-7.871887969970703125e+01
-7.871891784667968750e+01
-7.871755981445312500e+01
-7.871757507324218750e+01
-7.871763610839843750e+01
-7.871929931640625000e+01
-7.871943664550781250e+01
-7.871755981445312500e+01
-7.871887969970703125e+01
-7.872009277343750000e+01
-7.871934509277343750e+01
-7.871945190429687500e+01
-7.871975708007812500e+01
-7.872018432617187500e+01
-7.872093200683593750e+01
-7.872037506103515625e+01
-7.872003936767578125e+01
-7.872061920166015625e+01
-7.872103118896484375e+01
-7.872058105468750000e+01
-7.872059631347656250e+01
-7.872066497802734375e+01
-7.872084808349609375e+01
-7.872121429443359375e+01
-7.872097015380859375e+01
-7.872069549560546875e+01
-7.872088623046875000e+01
-7.872098541259765625e+01
-7.872097778320312500e+01
-7.872099304199218750e+01
-7.872086334228515625e+01
-7.872097015380859375e+01
-7.872075653076171875e+01
-7.872042846679687500e+01
-7.872016143798828125e+01
-7.871978759765625000e+01
-7.871924591064453125e+01
-7.871826934814453125e+01
-7.871704101562500000e+01
-7.871546936035156250e+01
-7.871317291259765625e+01
-7.870986175537109375e+01
-7.870561981201171875e+01
-7.869962310791015625e+01
-7.869249725341796875e+01
-7.868350219726562500e+01
-7.867377471923828125e+01
-7.866403961181640625e+01
-7.865757751464843750e+01
-7.865578460693359375e+01
-7.866295623779296875e+01
-7.867646026611328125e+01
-7.869508361816406250e+01
-7.871179199218750000e+01
-7.872167205810546875e+01
-7.872284698486328125e+01
-7.871713256835937500e+01
-7.870959472656250000e+01
-7.870467376708984375e+01
-7.870571899414062500e+01
-7.871147155761718750e+01
-7.871863555908203125e+01
-7.872347259521484375e+01
-7.872428131103515625e+01
-7.872183227539062500e+01
-7.871847534179687500e+01
-7.871681213378906250e+01
-7.871765136718750000e+01
-7.872080993652343750e+01
-7.872389984130859375e+01
-7.872550201416015625e+01
-7.872534179687500000e+01
-7.872410583496093750e+01
-7.872293090820312500e+01
-7.872258758544921875e+01
-7.872364044189453125e+01
-7.872520446777343750e+01
-7.872656250000000000e+01
-7.872714233398437500e+01
-7.872684478759765625e+01
-7.872650909423828125e+01
-7.872593688964843750e+01
-7.872619628906250000e+01
-7.872690582275390625e+01
-7.872761535644531250e+01
-7.872817230224609375e+01
-7.872864532470703125e+01
-7.872830200195312500e+01
-7.872805023193359375e+01
-7.872806549072265625e+01
-7.872853851318359375e+01
-7.872882080078125000e+01
-7.872916412353515625e+01
-7.872949981689453125e+01
-7.872953796386718750e+01
-7.872933959960937500e+01
-7.872933197021484375e+01
-7.872948455810546875e+01
-7.872963714599609375e+01
-7.872978210449218750e+01
-7.873016357421875000e+01
-7.873008728027343750e+01
-7.873023223876953125e+01
-7.873031616210937500e+01
-7.873030853271484375e+01
-7.873040771484375000e+01
-7.873057556152343750e+01
-7.873065185546875000e+01
-7.873069763183593750e+01
-7.873080444335937500e+01
-7.873083496093750000e+01
-7.873078155517578125e+01
-7.873082733154296875e+01
-7.873110961914062500e+01
-7.873120880126953125e+01
-7.873131561279296875e+01
-7.873129272460937500e+01
-7.873127746582031250e+01
-7.873141479492187500e+01
-7.873158264160156250e+01
-7.873171234130859375e+01
-7.873164367675781250e+01
-7.873186492919921875e+01
-7.873197937011718750e+01
-7.873204040527343750e+01
-7.873184967041015625e+01
-7.873210144042968750e+01
-7.873236083984375000e+01
-7.873215484619140625e+01
-7.873224639892578125e+01
-7.873229217529296875e+01
-7.873245239257812500e+01
-7.873249816894531250e+01
-7.873256683349609375e+01
-7.873249816894531250e+01
-7.873266601562500000e+01
-7.873276519775390625e+01
-7.873278045654296875e+01
-7.873284149169921875e+01
-7.873306274414062500e+01
-7.873312377929687500e+01
-7.873332214355468750e+01
-7.873316955566406250e+01
-7.873342132568359375e+01
-7.873348999023437500e+01
-7.873336791992187500e+01
-7.873352813720703125e+01
-7.873374176025390625e+01
-7.873374938964843750e+01
-7.873373413085937500e+01
-7.873390960693359375e+01
-7.873401641845703125e+01
-7.873418426513671875e+01
-7.873414611816406250e+01
-7.873426055908203125e+01
-7.873422241210937500e+01
-7.873433685302734375e+01
-7.873446655273437500e+01
-7.873452758789062500e+01
-7.873468780517578125e+01
-7.873457336425781250e+01
-7.873492431640625000e+01
-7.873470306396484375e+01
-7.873500823974609375e+01
-7.873512268066406250e+01
-7.873505401611328125e+01
-7.873530578613281250e+01
-7.873532104492187500e+01
-7.873551940917968750e+01
-7.873549652099609375e+01
-7.873558807373046875e+01
-7.873560333251953125e+01
-7.873592376708984375e+01
-7.873590850830078125e+01
-7.873616790771484375e+01
-7.873619079589843750e+01
-7.873615264892578125e+01
-7.873645019531250000e+01
-7.873660278320312500e+01
-7.873651885986328125e+01
-7.873671722412109375e+01
-7.873670959472656250e+01
-7.873677062988281250e+01
-7.873705291748046875e+01
-7.873722076416015625e+01
-7.873730468750000000e+01
-7.873728179931640625e+01
-7.873754119873046875e+01
-7.873773956298828125e+01
-7.873752593994140625e+01
-7.873786163330078125e+01
-7.873790740966796875e+01
-7.873813629150390625e+01
-7.873813629150390625e+01
-7.873836517333984375e+01
-7.873847961425781250e+01
-7.873847198486328125e+01
-7.873852539062500000e+01
-7.873867797851562500e+01
-7.873884582519531250e+01
-7.873918914794921875e+01
-7.873931884765625000e+01
-7.873910522460937500e+01
-7.873928070068359375e+01
-7.873937225341796875e+01
-7.873941040039062500e+01
-7.873972320556640625e+01
-7.873976135253906250e+01
-7.873995971679687500e+01
-7.873983764648437500e+01
-7.874008941650390625e+01
-7.874004364013671875e+01
-7.874024200439453125e+01
-7.874039459228515625e+01
-7.874050140380859375e+01
-7.874053955078125000e+01
-7.874073791503906250e+01
-7.874064636230468750e+01
-7.874090576171875000e+01
-7.874094390869140625e+01
-7.874113464355468750e+01
-7.874120330810546875e+01
-7.874114227294921875e+01
-7.874133300781250000e+01
-7.874137878417968750e+01
-7.874156188964843750e+01
-7.874152374267578125e+01
-7.874162292480468750e+01
-7.874173736572265625e+01
-7.874189758300781250e+01
-7.874189758300781250e+01
-7.874204254150390625e+01
-7.874202728271484375e+01
-7.874211120605468750e+01
-7.874230194091796875e+01
-7.874237823486328125e+01
-7.874253845214843750e+01
-7.874266052246093750e+01
-7.874266815185546875e+01
-7.874259948730468750e+01
-7.874272918701171875e+01
-7.874298858642578125e+01
-7.874301147460937500e+01
-7.874292755126953125e+01
-7.874304962158203125e+01
-7.874298095703125000e+01
-7.874326324462890625e+01
-7.874335479736328125e+01
-7.874335479736328125e+01
-7.874335479736328125e+01
-7.874342346191406250e+01
-7.874356079101562500e+01
-7.874362182617187500e+01
-7.874371337890625000e+01
-7.874371337890625000e+01
-7.874378204345703125e+01
-7.874383544921875000e+01
-7.874392700195312500e+01
-7.874404144287109375e+01
-7.874410247802734375e+01
-7.874401092529296875e+01
-7.874412536621093750e+01
-7.874417877197265625e+01
-7.874436950683593750e+01
-7.874432373046875000e+01
-7.874433898925781250e+01
-7.874444580078125000e+01
-7.874444580078125000e+01
-7.874442291259765625e+01
-7.874439239501953125e+01
-7.874444580078125000e+01
-7.874468231201171875e+01
-7.874460601806640625e+01
-7.874476623535156250e+01
-7.874485778808593750e+01
-7.874473571777343750e+01
-7.874479675292968750e+01
-7.874484252929687500e+01
-7.874491119384765625e+01
-7.874507141113281250e+01
-7.874485015869140625e+01
-7.874503326416015625e+01
-7.874494934082031250e+01
-7.874505615234375000e+01
-7.874501800537109375e+01
-7.874501037597656250e+01
-7.874520874023437500e+01
-7.874510192871093750e+01
-7.874519348144531250e+01
-7.874514007568359375e+01
-7.874513244628906250e+01
-7.874541473388671875e+01
-7.874530029296875000e+01
-7.874543762207031250e+01
-7.874536895751953125e+01
-7.874551391601562500e+01
-7.874553680419921875e+01
-7.874539947509765625e+01
-7.874560546875000000e+01
-7.874566650390625000e+01
-7.874561309814453125e+01
-7.874560546875000000e+01
-7.874575042724609375e+01
-7.874571228027343750e+01
-7.874569702148437500e+01
-7.874583435058593750e+01
-7.874570465087890625e+01
-7.874571990966796875e+01
-7.874575042724609375e+01
-7.874587249755859375e+01
-7.874582672119140625e+01
-7.874582672119140625e+01
-7.874576568603515625e+01
-7.874600982666015625e+01
-7.874594879150390625e+01
-7.874584197998046875e+01
-7.874607086181640625e+01
-7.874592590332031250e+01
-7.874597167968750000e+01
-7.874607086181640625e+01
-7.874599456787109375e+01
-7.874621582031250000e+01
-7.874596405029296875e+01
-7.874611663818359375e+01
-7.874607849121093750e+01
-7.874628448486328125e+01
-7.874622344970703125e+01
-7.874642944335937500e+01
-7.874628448486328125e+01
-7.874624633789062500e+01
-7.874636077880859375e+01
-7.874649047851562500e+01
-7.874631500244140625e+01
-7.874631500244140625e+01
-7.874643707275390625e+01
-7.874639892578125000e+01
-7.874649047851562500e+01
-7.874665069580078125e+01
-7.874645233154296875e+01
-7.874658966064453125e+01
-7.874645233154296875e+01
-7.874648284912109375e+01
-7.874654388427734375e+01
-7.874656677246093750e+01
-7.874665832519531250e+01
-7.874652099609375000e+01
-7.874661254882812500e+01
-7.874671173095703125e+01
-7.874674987792968750e+01
-7.874649047851562500e+01
-7.874658966064453125e+01
-7.874652862548828125e+01
-7.874678802490234375e+01
-7.874675750732421875e+01
-7.874662780761718750e+01
-7.874681854248046875e+01
-7.874674987792968750e+01
-7.874684906005859375e+01
-7.874674987792968750e+01
-7.874682617187500000e+01
-7.874678802490234375e+01
-7.874684906005859375e+01
-7.874678802490234375e+01
-7.874690246582031250e+01
-7.874688720703125000e+01
-7.874695587158203125e+01
-7.874697113037109375e+01
-7.874693298339843750e+01
-7.874701690673828125e+01
-7.874706268310546875e+01
-7.874698638916015625e+01
-7.874707031250000000e+01
-7.874708557128906250e+01
-7.874710083007812500e+01
-7.874706268310546875e+01
-7.874695587158203125e+01
-7.874697875976562500e+01
-7.874715423583984375e+01
-7.874713897705078125e+01
-7.874721527099609375e+01
-7.874707031250000000e+01
-7.874723052978515625e+01
-7.874713134765625000e+01
-7.874717712402343750e+01
-7.874715423583984375e+01
-7.874729156494140625e+01
-7.874715423583984375e+01
-7.874717712402343750e+01
-7.874723815917968750e+01
-7.874720764160156250e+01
-7.874741363525390625e+01
-7.874745941162109375e+01
-7.874736022949218750e+01
-7.874742126464843750e+01
-7.874726867675781250e+01
-7.874736022949218750e+01
-7.874735260009765625e+01
-7.874745941162109375e+01
-7.874726867675781250e+01
-7.874719238281250000e+01
-7.874739074707031250e+01
-7.874746704101562500e+01
-7.874741363525390625e+01
-7.874751281738281250e+01
-7.874754333496093750e+01
-7.874745941162109375e+01
-7.874738311767578125e+01
-7.874756622314453125e+01
-7.874737548828125000e+01
-7.874733734130859375e+01
-7.874751281738281250e+01
-7.874745178222656250e+01
-7.874755096435546875e+01
-7.874752807617187500e+01
-7.874761199951171875e+01
-7.874750518798828125e+01
-7.874769592285156250e+01
-7.874775695800781250e+01
-7.874774169921875000e+01
-7.874754333496093750e+01
-7.874777984619140625e+01
-7.874770355224609375e+01
-7.874772644042968750e+01
-7.874770355224609375e+01
-7.874768829345703125e+01
-7.874769592285156250e+01
-7.874769592285156250e+01
-7.874769592285156250e+01
-7.874776458740234375e+01
-7.874767303466796875e+01
-7.874764251708984375e+01
-7.874784851074218750e+01
-7.874765014648437500e+01
-7.874764251708984375e+01
-7.874780273437500000e+01
-7.874777221679687500e+01
-7.874784851074218750e+01
-7.874774932861328125e+01
-7.874795532226562500e+01
-7.874774932861328125e+01
-7.874775695800781250e+01
-7.874787139892578125e+01
-7.874786376953125000e+01
-7.874786376953125000e+01
-7.874787139892578125e+01
-7.874799346923828125e+01
-7.874792480468750000e+01
-7.874795532226562500e+01
-7.874803161621093750e+01
-7.874784088134765625e+01
-7.874796295166015625e+01
-7.874806213378906250e+01
-7.874803924560546875e+01
-7.874801635742187500e+01
-7.874803924560546875e+01
-7.874790191650390625e+01
-7.874792480468750000e+01
-7.874799346923828125e+01
-7.874800872802734375e+01
-7.874800872802734375e+01
-7.874806213378906250e+01
-7.874819946289062500e+01
-7.874797821044921875e+01
-7.874816131591796875e+01
-7.874810028076171875e+01
-7.874807739257812500e+01
-7.874806976318359375e+01
-7.874811553955078125e+01
-7.874803161621093750e+01
-7.874803161621093750e+01
-7.874799346923828125e+01
-7.874801635742187500e+01
-7.874816894531250000e+01
-7.874821472167968750e+01
-7.874808502197265625e+01
-7.874813842773437500e+01
-7.874811553955078125e+01
-7.874800872802734375e+01
-7.874819183349609375e+01
-7.874813842773437500e+01
-7.874812316894531250e+01
-7.874811553955078125e+01
-7.874827575683593750e+01
-7.874822235107421875e+01
-7.874819183349609375e+01
-7.874817657470703125e+01
-7.874808502197265625e+01
-7.874817657470703125e+01
-7.874813079833984375e+01
-7.874825286865234375e+01
-7.874822998046875000e+01
-7.874831390380859375e+01
-7.874830627441406250e+01
-7.874826049804687500e+01
-7.874809265136718750e+01
-7.874831390380859375e+01
-7.874829864501953125e+01
-7.874826812744140625e+01
-7.874835968017578125e+01
-7.874816894531250000e+01
-7.874832153320312500e+01
-7.874830627441406250e+01
-7.874819183349609375e+01
-7.874836730957031250e+01
-7.874830627441406250e+01
-7.874835968017578125e+01
-7.874813842773437500e+01
-7.874830627441406250e+01
-7.874829864501953125e+01
-7.874828338623046875e+01
-7.874820709228515625e+01
-7.874818420410156250e+01
-7.874822998046875000e+01
-7.874828338623046875e+01
-7.874819946289062500e+01
-7.874834442138671875e+01
-7.874829864501953125e+01
-7.874831390380859375e+01
-7.874826812744140625e+01
-7.874829101562500000e+01
-7.874830627441406250e+01
-7.874831390380859375e+01
-7.874822235107421875e+01
-7.874839782714843750e+01
-7.874839019775390625e+01
-7.874839782714843750e+01
-7.874848937988281250e+01
-7.874851226806640625e+01
-7.874847412109375000e+01
-7.874849700927734375e+01
-7.874841308593750000e+01
-7.874831390380859375e+01
-7.874844360351562500e+01
-7.874852752685546875e+01
-7.874831390380859375e+01
-7.874827575683593750e+01
-7.874850463867187500e+01
-7.874847412109375000e+01
-7.874857330322265625e+01
-7.874843597412109375e+01
-7.874839019775390625e+01
-7.874843597412109375e+01
-7.874866485595703125e+01
-7.874837493896484375e+01
-7.874858856201171875e+01
-7.874846649169921875e+01
-7.874837493896484375e+01
-7.874858856201171875e+01
-7.874859619140625000e+01
-7.874858093261718750e+01
-7.874850463867187500e+01
-7.874834442138671875e+01
-7.874848937988281250e+01
-7.874859619140625000e+01
-7.874851989746093750e+01
-7.874845123291015625e+01
-7.874861145019531250e+01
-7.874842071533203125e+01
-7.874845886230468750e+01
-7.874856567382812500e+01
-7.874857330322265625e+01
-7.874855041503906250e+01
-7.874858856201171875e+01
-7.874850463867187500e+01
-7.874864196777343750e+01
-7.874861907958984375e+01
-7.874858093261718750e+01
-7.874851989746093750e+01
-7.874851989746093750e+01
-7.874851226806640625e+01
-7.874858856201171875e+01
-7.874839019775390625e+01
-7.874851226806640625e+01
-7.874858093261718750e+01
-7.874858093261718750e+01
-7.874858093261718750e+01
-7.874864196777343750e+01
-7.874851226806640625e+01
-7.874868774414062500e+01
-7.874838256835937500e+01
-7.874849700927734375e+01
-7.874848175048828125e+01
-7.874848937988281250e+01
-7.874878692626953125e+01
-7.874850463867187500e+01
-7.874868774414062500e+01
-7.874864196777343750e+01
-7.874874114990234375e+01
-7.874870300292968750e+01
-7.874872589111328125e+01
-7.874864959716796875e+01
-7.874855041503906250e+01
-7.874869537353515625e+01
-7.874871826171875000e+01
-7.874883270263671875e+01
-7.874878692626953125e+01
-7.874864196777343750e+01
-7.874875640869140625e+01
-7.874868774414062500e+01
-7.874855041503906250e+01
-7.874870300292968750e+01
-7.874874877929687500e+01
-7.874878692626953125e+01
-7.874865722656250000e+01
-7.874868774414062500e+01
-7.874867248535156250e+01
-7.874870300292968750e+01
-7.874873352050781250e+01
-7.874865722656250000e+01
-7.874861145019531250e+01
-7.874868774414062500e+01
-7.874858093261718750e+01
-7.874860382080078125e+01
-7.874871826171875000e+01
-7.874890899658203125e+01
-7.874876403808593750e+01
-7.874868011474609375e+01
-7.874880981445312500e+01
-7.874880981445312500e+01
-7.874872589111328125e+01
-7.874874114990234375e+01
-7.874877166748046875e+01
-7.874887847900390625e+01
-7.874876403808593750e+01
-7.874882507324218750e+01
-7.874871826171875000e+01
-7.874877929687500000e+01
-7.874877166748046875e+01
-7.874884033203125000e+01
-7.874883270263671875e+01
-7.874893188476562500e+01
-7.874878692626953125e+01
-7.874864959716796875e+01
-7.874876403808593750e+01
-7.874883270263671875e+01
-7.874886322021484375e+01
-7.874894714355468750e+01
-7.874875640869140625e+01
-7.874887847900390625e+01
-7.874861907958984375e+01
-7.874888610839843750e+01
-7.874887847900390625e+01
-7.874887847900390625e+01
-7.874881744384765625e+01
-7.874890136718750000e+01
-7.874873352050781250e+01
-7.874905395507812500e+01
-7.874897003173828125e+01
-7.874900054931640625e+01
-7.874873352050781250e+01
-7.874893188476562500e+01
-7.874888610839843750e+01
-7.874884033203125000e+01
-7.874890136718750000e+01
-7.874897766113281250e+01
-7.874897766113281250e+01
-7.874893188476562500e+01
-7.874897766113281250e+01
-7.874896240234375000e+01
-7.874875640869140625e+01
-7.874883270263671875e+01
-7.874887847900390625e+01
-7.874885559082031250e+01
-7.874879455566406250e+01
-7.874889373779296875e+01
-7.874889373779296875e+01
-7.874895477294921875e+01
-7.874870300292968750e+01
-7.874896240234375000e+01
-7.874867248535156250e+01
-7.874879455566406250e+01
-7.874891662597656250e+01
-7.874898529052734375e+01
-7.874874114990234375e+01
-7.874890899658203125e+01
-7.874894714355468750e+01
-7.874890136718750000e+01
-7.874878692626953125e+01
-7.874894714355468750e+01
-7.874890136718750000e+01
-7.874877929687500000e+01
-7.874884796142578125e+01
-7.874891662597656250e+01
-7.874874114990234375e+01
-7.874893951416015625e+01
-7.874878692626953125e+01
-7.874882507324218750e+01
-7.874891662597656250e+01
-7.874905395507812500e+01
-7.874894714355468750e+01
-7.874893951416015625e+01
-7.874882507324218750e+01
-7.874880981445312500e+01
-7.874887084960937500e+01
-7.874876403808593750e+01
-7.874903869628906250e+01
-7.874898529052734375e+01
-7.874887847900390625e+01
-7.874889373779296875e+01
-7.874891662597656250e+01
-7.874904632568359375e+01
-7.874896240234375000e+01
-7.874897003173828125e+01
-7.874877166748046875e+01
-7.874908447265625000e+01
-7.874890899658203125e+01
-7.874896240234375000e+01
-7.874883270263671875e+01
-7.874899291992187500e+01
-7.874887084960937500e+01
-7.874905395507812500e+01
-7.874906158447265625e+01
-7.874906921386718750e+01
-7.874893951416015625e+01
-7.874905395507812500e+01
-7.874893188476562500e+01
-7.874884033203125000e+01
-7.874886322021484375e+01
-7.874891662597656250e+01
-7.874888610839843750e+01
-7.874893951416015625e+01
-7.874900817871093750e+01
-7.874884796142578125e+01
-7.874904632568359375e+01
-7.874906158447265625e+01
-7.874893951416015625e+01
-7.874898529052734375e+01
-7.874891662597656250e+01
-7.874887084960937500e+01
-7.874893951416015625e+01
-7.874896240234375000e+01
-7.874905395507812500e+01
-7.874902343750000000e+01
-7.874906158447265625e+01
-7.874903869628906250e+01
-7.874908447265625000e+01
-7.874900054931640625e+01
-7.874917602539062500e+01
-7.874916839599609375e+01
-7.874911499023437500e+01
-7.874889373779296875e+01
-7.874893188476562500e+01
-7.874900054931640625e+01
-7.874894714355468750e+01
-7.874902343750000000e+01
-7.874895477294921875e+01
-7.874916839599609375e+01
-7.874897766113281250e+01
-7.874904632568359375e+01
-7.874889373779296875e+01
-7.874896240234375000e+01
-7.874892425537109375e+01
-7.874902343750000000e+01
-7.874890899658203125e+01
-7.874904632568359375e+01
-7.874897766113281250e+01
-7.874894714355468750e+01
-7.874895477294921875e+01
-7.874894714355468750e+01
-7.874911499023437500e+01
-7.874901580810546875e+01
-7.874893951416015625e+01
-7.874897003173828125e+01
-7.874903106689453125e+01
-7.874912261962890625e+01
-7.874909210205078125e+01
-7.874917602539062500e+01
-7.874915313720703125e+01
-7.874893188476562500e+01
-7.874905395507812500e+01
-7.874910736083984375e+01
-7.874895477294921875e+01
-7.874913787841796875e+01
-7.874902343750000000e+01
-7.874904632568359375e+01
-7.874903869628906250e+01
-7.874895477294921875e+01
-7.874911499023437500e+01
-7.874893188476562500e+01
-7.874900054931640625e+01
-7.874916076660156250e+01
-7.874893951416015625e+01
-7.874906921386718750e+01
-7.874889373779296875e+01
-7.874907684326171875e+01
-7.874913024902343750e+01
-7.874892425537109375e+01
-7.874904632568359375e+01
-7.874910736083984375e+01
-7.874903869628906250e+01
-7.874912261962890625e+01
-7.874898529052734375e+01
-7.874901580810546875e+01
-7.874894714355468750e+01
-7.874884033203125000e+01
-7.874902343750000000e+01
-7.874901580810546875e+01
-7.874900054931640625e+01
-7.874905395507812500e+01
-7.874897766113281250e+01
-7.874894714355468750e+01
-7.874901580810546875e+01
-7.874891662597656250e+01
-7.874906921386718750e+01
-7.874908447265625000e+01
-7.874905395507812500e+01
-7.874895477294921875e+01
-7.874909973144531250e+01
-7.874906158447265625e+01
-7.874887847900390625e+01
-7.874907684326171875e+01
-7.874897766113281250e+01
-7.874899291992187500e+01
-7.874907684326171875e+01
-7.874889373779296875e+01
-7.874890899658203125e+01
-7.874910736083984375e+01
-7.874895477294921875e+01
-7.874907684326171875e+01
-7.874903106689453125e+01
-7.874908447265625000e+01
-7.874907684326171875e+01
-7.874896240234375000e+01
-7.874914550781250000e+01
-7.874892425537109375e+01
-7.874888610839843750e+01
-7.874900817871093750e+01
-7.874895477294921875e+01
-7.874892425537109375e+01
-7.874905395507812500e+01
-7.874914550781250000e+01
-7.874907684326171875e+01
-7.874919128417968750e+01
-7.874894714355468750e+01
-7.874915313720703125e+01
-7.874898529052734375e+01
-7.874919891357421875e+01
-7.874913024902343750e+01
-7.874919128417968750e+01
-7.874903106689453125e+01
-7.874909210205078125e+01
-7.874919128417968750e+01
-7.874902343750000000e+01
-7.874900817871093750e+01
-7.874919891357421875e+01
-7.874909210205078125e+01
-7.874900817871093750e+01
-7.874905395507812500e+01
-7.874906921386718750e+01
-7.874917602539062500e+01
-7.874908447265625000e+01
-7.874911499023437500e+01
-7.874912261962890625e+01
-7.874909973144531250e+01
-7.874911499023437500e+01
-7.874907684326171875e+01
-7.874904632568359375e+01
-7.874922943115234375e+01
-7.874916839599609375e+01
-7.874903869628906250e+01
-7.874903869628906250e+01
-7.874919891357421875e+01
-7.874920654296875000e+01
-7.874905395507812500e+01
-7.874893188476562500e+01
-7.874902343750000000e+01
-7.874918365478515625e+01
-7.874919891357421875e+01
-7.874899291992187500e+01
-7.874912261962890625e+01
-7.874915313720703125e+01
-7.874918365478515625e+01
-7.874911499023437500e+01
-7.874923706054687500e+01
-7.874908447265625000e+01
-7.874900054931640625e+01
-7.874911499023437500e+01
-7.874914550781250000e+01
-7.874927520751953125e+01
-7.874898529052734375e+01
-7.874903869628906250e+01
-7.874902343750000000e+01
-7.874906158447265625e+01
-7.874903869628906250e+01
-7.874900817871093750e+01
-7.874908447265625000e+01
-7.874911499023437500e+01
-7.874906158447265625e+01
-7.874910736083984375e+01
-7.874917602539062500e+01
-7.874913787841796875e+01
-7.874911499023437500e+01
-7.874920654296875000e+01
-7.874897003173828125e+01
-7.874906158447265625e+01
-7.874903106689453125e+01
-7.874897003173828125e+01
-7.874918365478515625e+01
-7.874903106689453125e+01
-7.874909210205078125e+01
-7.874919891357421875e+01
-7.874906158447265625e+01
-7.874908447265625000e+01
-7.874904632568359375e+01
-7.874923706054687500e+01
-7.874911499023437500e+01
-7.874900817871093750e+01
-7.874918365478515625e+01
-7.874913024902343750e+01
-7.874910736083984375e+01
-7.874910736083984375e+01
-7.874909973144531250e+01
-7.874926757812500000e+01
-7.874914550781250000e+01
-7.874919891357421875e+01
-7.874913787841796875e+01
-7.874909210205078125e+01
-7.874903869628906250e+01
-7.874909973144531250e+01
-7.874909973144531250e+01
-7.874914550781250000e+01
-7.874910736083984375e+01
-7.874916076660156250e+01
-7.874910736083984375e+01
-7.874922943115234375e+01
-7.874908447265625000e+01
-7.874913787841796875e+01
-7.874912261962890625e+01
-7.874913024902343750e+01
-7.874927520751953125e+01
-7.874913787841796875e+01
-7.874912261962890625e+01
-7.874923706054687500e+01
-7.874913787841796875e+01
-7.874916839599609375e+01
-7.874905395507812500e+01
-7.874920654296875000e+01
-7.874928283691406250e+01
-7.874922180175781250e+01
-7.874909973144531250e+01
-7.874916839599609375e+01
-7.874923706054687500e+01
-7.874915313720703125e+01
-7.874923706054687500e+01
-7.874928283691406250e+01
-7.874909973144531250e+01
-7.874911499023437500e+01
-7.874927520751953125e+01
-7.874924468994140625e+01
-7.874927520751953125e+01
-7.874918365478515625e+01
-7.874925231933593750e+01
-7.874913787841796875e+01
-7.874904632568359375e+01
-7.874914550781250000e+01
-7.874936676025390625e+01
-7.874894714355468750e+01
-7.874922180175781250e+01
-7.874919891357421875e+01
-7.874906921386718750e+01
-7.874905395507812500e+01
-7.874915313720703125e+01
-7.874914550781250000e+01
-7.874935913085937500e+01
-7.874901580810546875e+01
-7.874913024902343750e+01
-7.874919128417968750e+01
-7.874929809570312500e+01
-7.874900817871093750e+01
-7.874909210205078125e+01
-7.874924468994140625e+01
-7.874917602539062500e+01
-7.874937438964843750e+01
-7.874917602539062500e+01
-7.874914550781250000e+01
-7.874909973144531250e+01
-7.874909973144531250e+01
-7.874922180175781250e+01
-7.874917602539062500e+01
-7.874929046630859375e+01
-7.874932098388671875e+01
-7.874918365478515625e+01
-7.874929809570312500e+01
-7.874913787841796875e+01
-7.874919128417968750e+01
-7.874906158447265625e+01
-7.874913024902343750e+01
-7.874909973144531250e+01
-7.874918365478515625e+01
-7.874903869628906250e+01
-7.874935150146484375e+01
-7.874928283691406250e+01
-7.874931335449218750e+01
-7.874922180175781250e+01
-7.874932861328125000e+01
-7.874921417236328125e+01
-7.874923706054687500e+01
-7.874913024902343750e+01
-7.874932861328125000e+01
-7.874916839599609375e+01
-7.874916839599609375e+01
-7.874906921386718750e+01
-7.874909210205078125e+01
-7.874905395507812500e+01
-7.874911499023437500e+01
-7.874907684326171875e+01
-7.874911499023437500e+01
-7.874930572509765625e+01
-7.874923706054687500e+01
-7.874918365478515625e+01
-7.874913787841796875e+01
-7.874895477294921875e+01
-7.874905395507812500e+01
-7.874908447265625000e+01
-7.874918365478515625e+01
-7.874915313720703125e+01
-7.874915313720703125e+01
-7.874902343750000000e+01
-7.874912261962890625e+01
-7.874916076660156250e+01
-7.874911499023437500e+01
-7.874919891357421875e+01
-7.874940490722656250e+01
-7.874915313720703125e+01
-7.874903869628906250e+01
-7.874916076660156250e+01
-7.874916076660156250e+01
-7.874918365478515625e+01
-7.874922180175781250e+01
-7.874911499023437500e+01
-7.874917602539062500e+01
-7.874921417236328125e+01
-7.874915313720703125e+01
-7.874919128417968750e+01
-7.874913024902343750e+01
-7.874928283691406250e+01
-7.874919128417968750e+01
-7.874919128417968750e+01
-7.874919891357421875e+01
-7.874918365478515625e+01
-7.874913787841796875e+01
-7.874920654296875000e+01
-7.874919891357421875e+01
-7.874919891357421875e+01
-7.874931335449218750e+01
-7.874919891357421875e+01
-7.874910736083984375e+01
-7.874911499023437500e+01
-7.874911499023437500e+01
-7.874908447265625000e+01
-7.874919128417968750e+01
-7.874918365478515625e+01
-7.874906921386718750e+01
-7.874915313720703125e+01
-7.874915313720703125e+01
-7.874906921386718750e+01
-7.874922943115234375e+01
-7.874914550781250000e+01
-7.874932098388671875e+01
-7.874913787841796875e+01
-7.874925994873046875e+01
-7.874913024902343750e+01
-7.874931335449218750e+01
-7.874936676025390625e+01
-7.874912261962890625e+01
-7.874926757812500000e+01
-7.874914550781250000e+01
-7.874935913085937500e+01
-7.874942016601562500e+01
-7.874916076660156250e+01
-7.874924468994140625e+01
-7.874913024902343750e+01
-7.874919128417968750e+01
-7.874907684326171875e+01
-7.874911499023437500e+01
-7.874922943115234375e+01
-7.874922943115234375e+01
-7.874916076660156250e+01
-7.874909210205078125e+01
-7.874916076660156250e+01
-7.874922180175781250e+01
-7.874916839599609375e+01
-7.874925231933593750e+01
-7.874922943115234375e+01
-7.874911499023437500e+01
-7.874911499023437500e+01
-7.874911499023437500e+01
-7.874914550781250000e+01
-7.874918365478515625e+01
-7.874926757812500000e+01
-7.874912261962890625e+01
-7.874911499023437500e+01
-7.874906158447265625e+01
-7.874914550781250000e+01
-7.874917602539062500e+01
-7.874919128417968750e+01
-7.874918365478515625e+01
-7.874900817871093750e+01
-7.874917602539062500e+01
-7.874926757812500000e+01
-7.874927520751953125e+01
-7.874896240234375000e+01
-7.874919128417968750e+01
-7.874934387207031250e+01
-7.874927520751953125e+01
-7.874911499023437500e+01
-7.874932861328125000e+01
-7.874924468994140625e+01
-7.874929046630859375e+01
-7.874915313720703125e+01
-7.874923706054687500e+01
-7.874918365478515625e+01
-7.874915313720703125e+01
-7.874903869628906250e+01
-7.874908447265625000e+01
-7.874904632568359375e+01
-7.874922943115234375e+01
-7.874925994873046875e+01
-7.874918365478515625e+01
-7.874920654296875000e+01
-7.874910736083984375e+01
-7.874930572509765625e+01
-7.874900054931640625e+01
-7.874912261962890625e+01
-7.874922943115234375e+01
-7.874926757812500000e+01
-7.874905395507812500e+01
-7.874914550781250000e+01
-7.874919891357421875e+01
-7.874917602539062500e+01
-7.874929809570312500e+01
-7.874912261962890625e+01
-7.874923706054687500e+01
-7.874912261962890625e+01
-7.874903869628906250e+01
-7.874916076660156250e+01
-7.874908447265625000e+01
-7.874913787841796875e+01
-7.874924468994140625e+01
-7.874904632568359375e+01
-7.874926757812500000e+01
-7.874925994873046875e+01
-7.874936676025390625e+01
-7.874927520751953125e+01
-7.874933624267578125e+01
-7.874922943115234375e+01
-7.874912261962890625e+01
-7.874935150146484375e+01
-7.874918365478515625e+01
-7.874919891357421875e+01
-7.874924468994140625e+01
-7.874928283691406250e+01
-7.874945831298828125e+01
-7.874923706054687500e+01
-7.874929809570312500e+01
-7.874922943115234375e+01
-7.874931335449218750e+01
-7.874910736083984375e+01
-7.874925231933593750e+01
-7.874910736083984375e+01
-7.874909210205078125e+01
-7.874917602539062500e+01
-7.874910736083984375e+01
-7.874927520751953125e+01
-7.874927520751953125e+01
-7.874924468994140625e+01
-7.874922180175781250e+01
-7.874925231933593750e+01
-7.874918365478515625e+01
-7.874937438964843750e+01
-7.874919128417968750e+01
-7.874918365478515625e+01
-7.874919891357421875e+01
-7.874915313720703125e+01
-7.874930572509765625e+01
-7.874922180175781250e+01
-7.874903869628906250e+01
-7.874916839599609375e+01
-7.874915313720703125e+01
-7.874920654296875000e+01
-7.874925231933593750e+01
-7.874919128417968750e+01
-7.874914550781250000e+01
-7.874924468994140625e+01
-7.874920654296875000e+01
-7.874919128417968750e+01
-7.874919891357421875e+01
-7.874929046630859375e+01
-7.874917602539062500e+01
-7.874922943115234375e+01
-7.874927520751953125e+01
-7.874910736083984375e+01
-7.874934387207031250e+01
-7.874914550781250000e+01
-7.874922180175781250e+01
-7.874938201904296875e+01
-7.874925994873046875e+01
-7.874916839599609375e+01
-7.874929046630859375e+01
-7.874916076660156250e+01
-7.874922180175781250e+01
-7.874920654296875000e+01
-7.874915313720703125e+01
-7.874917602539062500e+01
-7.874920654296875000e+01
-7.874928283691406250e+01
-7.874911499023437500e+01
-7.874917602539062500e+01
-7.874917602539062500e+01
-7.874929046630859375e+01
-7.874913024902343750e+01
-7.874920654296875000e+01
-7.874914550781250000e+01
-7.874929046630859375e+01
-7.874913024902343750e+01
-7.874907684326171875e+01
-7.874910736083984375e+01
-7.874919128417968750e+01
-7.874921417236328125e+01
-7.874919128417968750e+01
-7.874925994873046875e+01
-7.874931335449218750e+01
-7.874921417236328125e+01
-7.874916839599609375e+01
-7.874912261962890625e+01
-7.874936676025390625e+01
-7.874922943115234375e+01
-7.874915313720703125e+01
-7.874909973144531250e+01
-7.874929809570312500e+01
-7.874928283691406250e+01
-7.874905395507812500e+01
-7.874922943115234375e+01
-7.874914550781250000e+01
-7.874914550781250000e+01
-7.874922943115234375e+01
-7.874915313720703125e+01
-7.874919128417968750e+01
-7.874919891357421875e+01
-7.874913787841796875e+01
-7.874913024902343750e+01
-7.874916076660156250e+01
-7.874922180175781250e+01
-7.874928283691406250e+01
-7.874928283691406250e+01
-7.874926757812500000e+01
-7.874918365478515625e+01
-7.874903869628906250e+01
-7.874919128417968750e+01
-7.874922180175781250e+01
-7.874927520751953125e+01
-7.874931335449218750e+01
-7.874932861328125000e+01
-7.874929809570312500e+01
-7.874923706054687500e+01
-7.874929046630859375e+01
-7.874924468994140625e+01
-7.874918365478515625e+01
-7.874926757812500000e+01
-7.874922943115234375e+01
-7.874917602539062500e+01
-7.874949645996093750e+01
-7.874934387207031250e+01
-7.874913024902343750e+01
-7.874917602539062500e+01
-7.874926757812500000e+01
-7.874916076660156250e+01
-7.874917602539062500e+01
-7.874920654296875000e+01
-7.874921417236328125e+01
-7.874921417236328125e+01
-7.874931335449218750e+01
-7.874913024902343750e+01
-7.874930572509765625e+01
-7.874935150146484375e+01
-7.874917602539062500e+01
-7.874919128417968750e+01
-7.874923706054687500e+01
-7.874931335449218750e+01
-7.874938964843750000e+01
-7.874920654296875000e+01
-7.874922943115234375e+01
-7.874923706054687500e+01
-7.874918365478515625e+01
-7.874920654296875000e+01
-7.874918365478515625e+01
-7.874929046630859375e+01
-7.874920654296875000e+01
-7.874921417236328125e+01
-7.874931335449218750e+01
-7.874914550781250000e+01
-7.874913024902343750e+01
-7.874929809570312500e+01
-7.874935913085937500e+01
-7.874918365478515625e+01
-7.874908447265625000e+01
-7.874904632568359375e+01
-7.874911499023437500e+01
-7.874925994873046875e+01
-7.874922943115234375e+01
-7.874917602539062500e+01
-7.874913787841796875e+01
-7.874930572509765625e+01
-7.874901580810546875e+01
-7.874920654296875000e+01
-7.874912261962890625e+01
-7.874923706054687500e+01
-7.874921417236328125e+01
-7.874912261962890625e+01
-7.874931335449218750e+01
-7.874914550781250000e+01
-7.874911499023437500e+01
-7.874919891357421875e+01
-7.874925994873046875e+01
-7.874925994873046875e+01
-7.874903106689453125e+01
-7.874918365478515625e+01
-7.874916839599609375e+01
-7.874920654296875000e+01
-7.874913787841796875e+01
-7.874913024902343750e+01
-7.874925994873046875e+01
-7.874932861328125000e+01
-7.874919891357421875e+01
-7.874916076660156250e+01
-7.874928283691406250e+01
-7.874924468994140625e+01
-7.874922943115234375e+01
-7.874919128417968750e+01
-7.874916839599609375e+01
-7.874924468994140625e+01
-7.874929046630859375e+01
-7.874917602539062500e+01
-7.874933624267578125e+01
-7.874911499023437500e+01
-7.874923706054687500e+01
-7.874943542480468750e+01
-7.874912261962890625e+01
-7.874923706054687500e+01
-7.874922943115234375e+01
-7.874897003173828125e+01
-7.874923706054687500e+01
-7.874923706054687500e+01
-7.874929046630859375e+01
-7.874912261962890625e+01
-7.874909973144531250e+01
-7.874912261962890625e+01
-7.874932098388671875e+01
-7.874938201904296875e+01
-7.874911499023437500e+01
-7.874923706054687500e+01
-7.874918365478515625e+01
-7.874921417236328125e+01
-7.874919891357421875e+01
-7.874928283691406250e+01
-7.874933624267578125e+01
-7.874924468994140625e+01
-7.874927520751953125e+01
-7.874919128417968750e+01
-7.874919128417968750e+01
-7.874931335449218750e+01
-7.874930572509765625e+01
-7.874921417236328125e+01
-7.874929809570312500e+01
-7.874932098388671875e+01
-7.874938201904296875e+01
-7.874923706054687500e+01
-7.874922943115234375e+01
-7.874924468994140625e+01
-7.874925231933593750e+01
-7.874909210205078125e+01
-7.874922180175781250e+01
-7.874916076660156250e+01
-7.874931335449218750e+01
-7.874925231933593750e+01
-7.874914550781250000e+01
-7.874913787841796875e+01
-7.874915313720703125e+01
-7.874920654296875000e+01
-7.874912261962890625e+01
-7.874913787841796875e+01
-7.874925994873046875e+01
-7.874933624267578125e+01
-7.874929809570312500e+01
-7.874922180175781250e+01
-7.874913787841796875e+01
-7.874919891357421875e+01
-7.874934387207031250e+01
-7.874919891357421875e+01
-7.874912261962890625e+01
-7.874919891357421875e+01
-7.874929046630859375e+01
-7.874925994873046875e+01
-7.874935150146484375e+01
-7.874912261962890625e+01
-7.874896240234375000e+01
-7.874914550781250000e+01
-7.874934387207031250e+01
-7.874912261962890625e+01
-7.874932861328125000e+01
-7.874937438964843750e+01
-7.874925231933593750e+01
-7.874928283691406250e+01
-7.874935913085937500e+01
-7.874925231933593750e+01
-7.874925231933593750e+01
-7.874916839599609375e+01
-7.874915313720703125e+01
-7.874919128417968750e+01
-7.874919891357421875e+01
-7.874918365478515625e+01
-7.874917602539062500e+01
-7.874933624267578125e+01
-7.874922180175781250e+01
-7.874924468994140625e+01
-7.874938964843750000e+01
-7.874917602539062500e+01
-7.874921417236328125e+01
-7.874915313720703125e+01
-7.874915313720703125e+01
-7.874917602539062500e+01
-7.874916839599609375e+01
-7.874927520751953125e+01
-7.874921417236328125e+01
-7.874928283691406250e+01
-7.874934387207031250e+01
-7.874920654296875000e+01
-7.874919128417968750e+01
-7.874911499023437500e+01
-7.874927520751953125e+01
-7.874921417236328125e+01
-7.874925994873046875e+01
-7.874909973144531250e+01
-7.874916076660156250e+01
-7.874917602539062500e+01
-7.874914550781250000e+01
-7.874935913085937500e+01
-7.874919891357421875e+01
-7.874919891357421875e+01
-7.874931335449218750e+01
-7.874919128417968750e+01
-7.874922943115234375e+01
-7.874909210205078125e+01
-7.874925231933593750e+01
-7.874917602539062500e+01
-7.874917602539062500e+01
-7.874933624267578125e+01
-7.874918365478515625e+01
-7.874931335449218750e+01
-7.874917602539062500e+01
-7.874913787841796875e+01
-7.874932861328125000e+01
-7.874924468994140625e+01
-7.874922180175781250e+01
-7.874929809570312500e+01
-7.874924468994140625e+01
-7.874919891357421875e+01
-7.874925994873046875e+01
-7.874924468994140625e+01
-7.874929046630859375e+01
-7.874929046630859375e+01
-7.874922943115234375e+01
-7.874919128417968750e+01
-7.874925231933593750e+01
-7.874938201904296875e+01
-7.874934387207031250e+01
-7.874917602539062500e+01
-7.874922943115234375e+01
-7.874930572509765625e+01
-7.874911499023437500e+01
-7.874932861328125000e+01
-7.874929046630859375e+01
-7.874931335449218750e+01
-7.874913787841796875e+01
-7.874929046630859375e+01
-7.874927520751953125e+01
-7.874910736083984375e+01
-7.874930572509765625e+01
-7.874927520751953125e+01
-7.874911499023437500e+01
-7.874935150146484375e+01
-7.874927520751953125e+01
-7.874934387207031250e+01
-7.874922180175781250e+01
-7.874922180175781250e+01
-7.874924468994140625e+01
-7.874925994873046875e+01
-7.874933624267578125e+01
-7.874922943115234375e+01
-7.874944305419921875e+01
-7.874930572509765625e+01
-7.874928283691406250e+01
-7.874925994873046875e+01
-7.874924468994140625e+01
-7.874926757812500000e+01
-7.874909210205078125e+01
-7.874919128417968750e+01
-7.874925231933593750e+01
-7.874925994873046875e+01
-7.874930572509765625e+01
-7.874930572509765625e+01
-7.874913024902343750e+01
-7.874924468994140625e+01
-7.874922943115234375e+01
-7.874923706054687500e+01
-7.874933624267578125e+01
-7.874911499023437500e+01
-7.874928283691406250e+01
-7.874921417236328125e+01
-7.874913787841796875e+01
-7.874921417236328125e+01
-7.874929809570312500e+01
-7.874920654296875000e+01
-7.874910736083984375e+01
-7.874940490722656250e+01
-7.874930572509765625e+01
-7.874922180175781250e+01
-7.874926757812500000e+01
-7.874935150146484375e+01
-7.874909210205078125e+01
-7.874921417236328125e+01
-7.874944305419921875e+01
-7.874914550781250000e+01
-7.874932861328125000e+01
-7.874904632568359375e+01
-7.874927520751953125e+01
-7.874934387207031250e+01
-7.874923706054687500e+01
-7.874922180175781250e+01
-7.874903106689453125e+01
-7.874935913085937500e+01
-7.874925994873046875e+01
-7.874922943115234375e+01
-7.874925231933593750e+01
-7.874915313720703125e+01
-7.874928283691406250e+01
-7.874921417236328125e+01
-7.874931335449218750e+01
-7.874929809570312500e+01
-7.874933624267578125e+01
-7.874927520751953125e+01
-7.874917602539062500e+01
-7.874927520751953125e+01
-7.874921417236328125e+01
-7.874917602539062500e+01
-7.874922180175781250e+01
-7.874934387207031250e+01
-7.874934387207031250e+01
-7.874920654296875000e+01
-7.874931335449218750e+01
-7.874934387207031250e+01
-7.874932098388671875e+01
-7.874932861328125000e+01
-7.874922180175781250e+01
-7.874925994873046875e+01
-7.874941253662109375e+01
-7.874925231933593750e+01
-7.874925994873046875e+01
-7.874929046630859375e+01
-7.874938964843750000e+01
-7.874938201904296875e+01
-7.874924468994140625e+01
-7.874930572509765625e+01
-7.874925994873046875e+01
-7.874928283691406250e+01
-7.874922943115234375e+01
-7.874922943115234375e+01
-7.874930572509765625e+01
-7.874932861328125000e+01
-7.874921417236328125e+01
-7.874919128417968750e+01
-7.874938201904296875e+01
-7.874932861328125000e+01
-7.874931335449218750e+01
-7.874931335449218750e+01
-7.874930572509765625e+01
-7.874925994873046875e+01
-7.874930572509765625e+01
-7.874934387207031250e+01
-7.874935150146484375e+01
-7.874916839599609375e+01
-7.874928283691406250e+01
-7.874922180175781250e+01
-7.874929046630859375e+01
-7.874920654296875000e+01
-7.874925231933593750e+01
-7.874935913085937500e+01
-7.874944305419921875e+01
-7.874953460693359375e+01
-7.874932861328125000e+01
-7.874930572509765625e+01
-7.874932098388671875e+01
-7.874920654296875000e+01
-7.874935913085937500e+01
-7.874932861328125000e+01
-7.874931335449218750e+01
-7.874925231933593750e+01
-7.874916839599609375e+01
-7.874935913085937500e+01
-7.874927520751953125e+01
-7.874932098388671875e+01
-7.874903106689453125e+01
-7.874937438964843750e+01
-7.874936676025390625e+01
-7.874930572509765625e+01
-7.874932861328125000e+01
-7.874909210205078125e+01
-7.874935150146484375e+01
-7.874916839599609375e+01
-7.874926757812500000e+01
-7.874939727783203125e+01
-7.874916839599609375e+01
-7.874932098388671875e+01
-7.874920654296875000e+01
-7.874914550781250000e+01
-7.874917602539062500e+01
-7.874934387207031250e+01
-7.874916076660156250e+01
-7.874929809570312500e+01
-7.874931335449218750e+01
-7.874925994873046875e+01
-7.874926757812500000e+01
-7.874919891357421875e+01
-7.874925994873046875e+01
-7.874929046630859375e+01
-7.874936676025390625e+01
-7.874925994873046875e+01
-7.874929809570312500e+01
-7.874922180175781250e+01
-7.874924468994140625e+01
-7.874932861328125000e+01
-7.874928283691406250e+01
-7.874929809570312500e+01
-7.874925231933593750e+01
-7.874914550781250000e+01
-7.874929046630859375e+01
-7.874934387207031250e+01
-7.874918365478515625e+01
-7.874922180175781250e+01
-7.874920654296875000e+01
-7.874941253662109375e+01
-7.874931335449218750e+01
-7.874932098388671875e+01
-7.874919891357421875e+01
-7.874924468994140625e+01
-7.874912261962890625e+01
-7.874926757812500000e+01
-7.874936676025390625e+01
-7.874934387207031250e+01
-7.874932098388671875e+01
-7.874931335449218750e+01
-7.874913787841796875e+01
-7.874939727783203125e+01
-7.874932098388671875e+01
-7.874924468994140625e+01
-7.874936676025390625e+01
-7.874920654296875000e+01
-7.874919891357421875e+01
-7.874930572509765625e+01
-7.874926757812500000e+01
-7.874951171875000000e+01
-7.874938964843750000e+01
-7.874925994873046875e+01
-7.874919891357421875e+01
-7.874927520751953125e+01
-7.874934387207031250e+01
-7.874935150146484375e+01
-7.874922943115234375e+01
-7.874931335449218750e+01
-7.874931335449218750e+01
-7.874943542480468750e+01
-7.874922943115234375e+01
-7.874924468994140625e+01
-7.874950408935546875e+01
-7.874919891357421875e+01
-7.874940490722656250e+01
-7.874926757812500000e+01
-7.874940490722656250e+01
-7.874923706054687500e+01
-7.874929809570312500e+01
-7.874939727783203125e+01
-7.874922943115234375e+01
-7.874927520751953125e+01
-7.874915313720703125e+01
-7.874924468994140625e+01
-7.874931335449218750e+01
-7.874913024902343750e+01
-7.874934387207031250e+01
-7.874931335449218750e+01
-7.874928283691406250e+01
-7.874926757812500000e+01
-7.874925231933593750e+01
-7.874917602539062500e+01
-7.874922180175781250e+01
-7.874931335449218750e+01
-7.874905395507812500e+01
-7.874917602539062500e+01
-7.874947357177734375e+01
-7.874913787841796875e+01
-7.874932861328125000e+01
-7.874923706054687500e+01
-7.874928283691406250e+01
-7.874933624267578125e+01
-7.874918365478515625e+01
-7.874909210205078125e+01
-7.874928283691406250e+01
-7.874938201904296875e+01
-7.874932861328125000e+01
-7.874925994873046875e+01
-7.874927520751953125e+01
-7.874932861328125000e+01
-7.874929046630859375e+01
-7.874929809570312500e+01
-7.874930572509765625e+01
-7.874926757812500000e+01
-7.874937438964843750e+01
-7.874932098388671875e+01
-7.874932098388671875e+01
-7.874942779541015625e+01
-7.874935150146484375e+01
-7.874929809570312500e+01
-7.874941253662109375e+01
-7.874929809570312500e+01
-7.874918365478515625e+01
-7.874934387207031250e+01
-7.874943542480468750e+01
-7.874933624267578125e+01
-7.874922943115234375e+01
-7.874930572509765625e+01
-7.874926757812500000e+01
-7.874936676025390625e+01
-7.874929809570312500e+01
-7.874919891357421875e+01
-7.874920654296875000e+01
-7.874937438964843750e+01
-7.874932861328125000e+01
-7.874937438964843750e+01
-7.874938964843750000e+01
-7.874934387207031250e+01
-7.874926757812500000e+01
-7.874928283691406250e+01
-7.874929046630859375e+01
-7.874919891357421875e+01
-7.874931335449218750e+01
-7.874935150146484375e+01
-7.874931335449218750e+01
-7.874942779541015625e+01
-7.874943542480468750e+01
-7.874930572509765625e+01
-7.874919128417968750e+01
-7.874921417236328125e+01
-7.874923706054687500e+01
-7.874919891357421875e+01
-7.874935913085937500e+01
-7.874923706054687500e+01
-7.874925231933593750e+01
-7.874929046630859375e+01
-7.874940490722656250e+01
-7.874921417236328125e+01
-7.874931335449218750e+01
-7.874912261962890625e+01
-7.874916076660156250e+01
-7.874906158447265625e+01
-7.874914550781250000e+01
-7.874916076660156250e+01
-7.874929046630859375e+01
-7.874918365478515625e+01
-7.874924468994140625e+01
-7.874932098388671875e+01
-7.874909973144531250e+01
-7.874932861328125000e+01
-7.874929046630859375e+01
-7.874929046630859375e+01
-7.874918365478515625e+01
-7.874925231933593750e+01
-7.874916839599609375e+01
-7.874905395507812500e+01
-7.874928283691406250e+01
-7.874930572509765625e+01
-7.874919128417968750e+01
-7.874924468994140625e+01
-7.874925994873046875e+01
-7.874922943115234375e+01
-7.874932098388671875e+01
-7.874917602539062500e+01
-7.874919128417968750e+01
-7.874919128417968750e+01
-7.874925231933593750e+01
-7.874922180175781250e+01
-7.874927520751953125e+01
-7.874912261962890625e+01
-7.874925231933593750e+01
-7.874929809570312500e+01
-7.874916076660156250e+01
-7.874924468994140625e+01
-7.874938201904296875e+01
-7.874922180175781250e+01
-7.874919128417968750e+01
-7.874922943115234375e+01
-7.874917602539062500e+01
-7.874917602539062500e+01
-7.874925231933593750e+01
-7.874910736083984375e+01
-7.874913024902343750e+01
-7.874932861328125000e+01
-7.874918365478515625e+01
-7.874943542480468750e+01
-7.874924468994140625e+01
-7.874913787841796875e+01
-7.874919891357421875e+01
-7.874921417236328125e+01
-7.874922943115234375e+01
-7.874914550781250000e+01
-7.874919128417968750e+01
-7.874918365478515625e+01
-7.874932098388671875e+01
-7.874917602539062500e+01
-7.874919891357421875e+01
-7.874905395507812500e+01
-7.874926757812500000e+01
-7.874910736083984375e+01
-7.874922943115234375e+01
-7.874933624267578125e+01
-7.874935913085937500e+01
-7.874929046630859375e+01
-7.874923706054687500e+01
-7.874925994873046875e+01
-7.874912261962890625e+01
-7.874936676025390625e+01
-7.874945068359375000e+01
-7.874938201904296875e+01
-7.874925994873046875e+01
-7.874906921386718750e+01
-7.874924468994140625e+01
-7.874945068359375000e+01
-7.874925231933593750e+01
-7.874934387207031250e+01
-7.874926757812500000e+01
-7.874922943115234375e+01
