-4.598957824707031250e+01
-5.129697036743164062e+01
-5.127363204956054688e+01
-5.161755752563476562e+01
-5.164588928222656250e+01
-5.136852264404296875e+01
-5.242643737792968750e+01
-5.374547195434570312e+01
-5.685094070434570312e+01
-5.034638214111328125e+01
-5.373896026611328125e+01
-5.508184432983398438e+01
-5.582463455200195312e+01
-5.664975357055664062e+01
-5.429011535644531250e+01
-5.379755020141601562e+01
-5.504393386840820312e+01
-5.854153060913085938e+01
-5.981455993652343750e+01
-6.104616546630859375e+01
-5.845395278930664062e+01
-6.786168670654296875e+01
-6.495185089111328125e+01
-6.657500457763671875e+01
-6.642355346679687500e+01
-6.533056640625000000e+01
-6.893755340576171875e+01
-6.971936798095703125e+01
-7.185861206054687500e+01
-7.250585937500000000e+01
-7.226661682128906250e+01
-7.325000000000000000e+01
-7.406552886962890625e+01
-7.448643493652343750e+01
-7.482347106933593750e+01
-7.481533813476562500e+01
-7.407450103759765625e+01
-7.393660736083984375e+01
-7.378698730468750000e+01
-7.559374237060546875e+01
-7.571702575683593750e+01
-7.444618988037109375e+01
-7.660041046142578125e+01
-7.609344482421875000e+01
-7.656225585937500000e+01
-7.731417083740234375e+01
-7.694177246093750000e+01
-7.694766998291015625e+01
-7.791270446777343750e+01
-7.755484008789062500e+01
-7.757740783691406250e+01
-7.795426177978515625e+01
-7.789446258544921875e+01
-7.796186065673828125e+01
-7.815829467773437500e+01
-7.816288757324218750e+01
-7.819780731201171875e+01
-7.833625793457031250e+01
-7.824871826171875000e+01
-7.841705322265625000e+01
-7.849284362792968750e+01
-7.839842224121093750e+01
-7.837961578369140625e+01
-7.849908447265625000e+01
-7.852723693847656250e+01
-7.851683044433593750e+01
-7.854129028320312500e+01
-7.855980682373046875e+01
-7.857557678222656250e+01
-7.860480499267578125e+01
-7.860212707519531250e+01
-7.861534118652343750e+01
-7.862268829345703125e+01
-7.862815856933593750e+01
-7.863629913330078125e+01
-7.861992645263671875e+01
-7.856608581542968750e+01
-7.844436645507812500e+01
-7.819280242919921875e+01
-7.777388000488281250e+01
-7.777500152587890625e+01
-7.841423034667968750e+01
-7.850661468505859375e+01
-7.830049133300781250e+01
-7.856669616699218750e+01
-7.833598327636718750e+01
-7.849376678466796875e+01
-7.829754638671875000e+01
-7.839453125000000000e+01
-7.805606079101562500e+01
-7.804946136474609375e+01
-7.846507263183593750e+01
-7.831534576416015625e+01
-7.830637359619140625e+01
-7.839021301269531250e+01
-7.838317871093750000e+01
-7.846217346191406250e+01
-7.854381561279296875e+01
-7.849076843261718750e+01
-7.849938964843750000e+01
-7.855351257324218750e+01
-7.859555816650390625e+01
-7.856470489501953125e+01
-7.860813903808593750e+01
-7.859380340576171875e+01
-7.859510040283203125e+01
-7.865975189208984375e+01
-7.862429046630859375e+01
-7.865350341796875000e+01
-7.864309692382812500e+01
-7.867009735107421875e+01
-7.866150665283203125e+01
-7.866661071777343750e+01
-7.866773986816406250e+01
-7.869480133056640625e+01
-7.868129730224609375e+01
-7.868787384033203125e+01
-7.868623352050781250e+01
-7.869608306884765625e+01
-7.870149993896484375e+01
-7.869713592529296875e+01
-7.870133209228515625e+01
-7.870360565185546875e+01
-7.870740509033203125e+01
-7.870312500000000000e+01
-7.870652008056640625e+01
-7.871044158935546875e+01
-7.870987701416015625e+01
-7.871136474609375000e+01
-7.871014404296875000e+01
-7.871202087402343750e+01
-7.871370697021484375e+01
-7.871313476562500000e+01
-7.871363067626953125e+01
-7.871492767333984375e+01
-7.871583557128906250e+01
-7.871520233154296875e+01
-7.871579742431640625e+01
-7.871669769287109375e+01
-7.871674346923828125e+01
-7.871721649169921875e+01
-7.871716308593750000e+01
-7.871765136718750000e+01
-7.871838378906250000e+01
-7.871813964843750000e+01
-7.871853637695312500e+01
-7.871846008300781250e+01
-7.871921539306640625e+01
-7.871907043457031250e+01
-7.871925354003906250e+01
-7.871898651123046875e+01
-7.871926879882812500e+01
-7.871965789794921875e+01
-7.871939849853515625e+01
-7.871975708007812500e+01
-7.871949768066406250e+01
-7.871993255615234375e+01
-7.872016906738281250e+01
-7.871994018554687500e+01
-7.872007751464843750e+01
-7.872031402587890625e+01
-7.872030639648437500e+01
-7.872016906738281250e+01
-7.872034454345703125e+01
-7.872045135498046875e+01
-7.872046661376953125e+01
-7.872060394287109375e+01
-7.872047424316406250e+01
-7.872055053710937500e+01
-7.872071075439453125e+01
-7.872064971923828125e+01
-7.872077941894531250e+01
-7.872091674804687500e+01
-7.872089385986328125e+01
-7.872093200683593750e+01
-7.872090148925781250e+01
-7.872097015380859375e+01
-7.872100067138671875e+01
-7.872126770019531250e+01
-7.872126770019531250e+01
-7.872128295898437500e+01
-7.872141265869140625e+01
-7.872130584716796875e+01
-7.872133636474609375e+01
-7.872140502929687500e+01
-7.872149658203125000e+01
-7.872158813476562500e+01
-7.872156524658203125e+01
-7.872155761718750000e+01
-7.872161865234375000e+01
-7.872173309326171875e+01
-7.872173309326171875e+01
-7.872179412841796875e+01
-7.872184753417968750e+01
-7.872213745117187500e+01
-7.872199249267578125e+01
-7.872208404541015625e+01
-7.872219848632812500e+01
-7.872226715087890625e+01
-7.872222137451171875e+01
-7.872235107421875000e+01
-7.872247314453125000e+01
-7.872245025634765625e+01
-7.872266387939453125e+01
-7.872259521484375000e+01
-7.872265625000000000e+01
-7.872268676757812500e+01
-7.872296142578125000e+01
-7.872290802001953125e+01
-7.872306060791015625e+01
-7.872303009033203125e+01
-7.872322082519531250e+01
-7.872324371337890625e+01
-7.872329711914062500e+01
-7.872351837158203125e+01
-7.872363281250000000e+01
-7.872364044189453125e+01
-7.872382354736328125e+01
-7.872400665283203125e+01
-7.872407531738281250e+01
-7.872397613525390625e+01
-7.872421264648437500e+01
-7.872419738769531250e+01
-7.872447204589843750e+01
-7.872463226318359375e+01
-7.872465515136718750e+01
-7.872488403320312500e+01
-7.872496032714843750e+01
-7.872502899169921875e+01
-7.872514343261718750e+01
-7.872516632080078125e+01
-7.872537994384765625e+01
-7.872542572021484375e+01
-7.872566986083984375e+01
-7.872570037841796875e+01
-7.872598266601562500e+01
-7.872599792480468750e+01
-7.872598266601562500e+01
-7.872618865966796875e+01
-7.872638702392578125e+01
-7.872642517089843750e+01
-7.872652435302734375e+01
-7.872666168212890625e+01
-7.872669219970703125e+01
-7.872676086425781250e+01
-7.872705078125000000e+01
-7.872690582275390625e+01
-7.872708129882812500e+01
-7.872709655761718750e+01
-7.872720336914062500e+01
-7.872731781005859375e+01
-7.872750854492187500e+01
-7.872743225097656250e+01
-7.872754669189453125e+01
-7.872770690917968750e+01
-7.872780609130859375e+01
-7.872763824462890625e+01
-7.872779846191406250e+01
-7.872777557373046875e+01
-7.872782135009765625e+01
-7.872804260253906250e+01
-7.872817230224609375e+01
-7.872796630859375000e+01
-7.872824096679687500e+01
-7.872843170166015625e+01
-7.872833251953125000e+01
-7.872840118408203125e+01
-7.872853851318359375e+01
-7.872870635986328125e+01
-7.872847747802734375e+01
-7.872861480712890625e+01
-7.872859954833984375e+01
-7.872875213623046875e+01
-7.872875976562500000e+01
-7.872867584228515625e+01
-7.872880554199218750e+01
-7.872885894775390625e+01
-7.872904205322265625e+01
-7.872905731201171875e+01
-7.872898101806640625e+01
-7.872891235351562500e+01
-7.872898101806640625e+01
-7.872905731201171875e+01
-7.872909545898437500e+01
-7.872904205322265625e+01
-7.872906494140625000e+01
-7.872928619384765625e+01
-7.872901153564453125e+01
-7.872908782958984375e+01
-7.872922515869140625e+01
-7.872927093505859375e+01
-7.872904205322265625e+01
-7.872934722900390625e+01
-7.872945404052734375e+01
-7.872925567626953125e+01
-7.872933197021484375e+01
-7.872940063476562500e+01
-7.872949981689453125e+01
-7.872934722900390625e+01
-7.872946929931640625e+01
-7.872930908203125000e+01
-7.872956085205078125e+01
-7.872942352294921875e+01
-7.872936248779296875e+01
-7.872942352294921875e+01
-7.872960662841796875e+01
-7.872969055175781250e+01
-7.872955322265625000e+01
-7.872957611083984375e+01
-7.872949981689453125e+01
-7.872960662841796875e+01
-7.872969055175781250e+01
-7.872959136962890625e+01
-7.872972106933593750e+01
-7.872964477539062500e+01
-7.872972106933593750e+01
-7.872969818115234375e+01
-7.872982025146484375e+01
-7.872968292236328125e+01
-7.872964477539062500e+01
-7.872969055175781250e+01
-7.872991943359375000e+01
-7.872988128662109375e+01
-7.872977447509765625e+01
-7.872982788085937500e+01
-7.872991943359375000e+01
-7.872983551025390625e+01
-7.872988128662109375e+01
-7.872994232177734375e+01
-7.872988891601562500e+01
-7.872991943359375000e+01
-7.872987365722656250e+01
-7.872980499267578125e+01
-7.872995758056640625e+01
-7.872974395751953125e+01
-7.872982025146484375e+01
-7.872983551025390625e+01
-7.873005676269531250e+01
-7.872992706298828125e+01
-7.872995758056640625e+01
-7.872994232177734375e+01
-7.872995758056640625e+01
-7.872990417480468750e+01
-7.872984313964843750e+01
-7.872993469238281250e+01
-7.873007965087890625e+01
-7.873000335693359375e+01
-7.872995758056640625e+01
-7.873003387451171875e+01
-7.872994995117187500e+01
-7.873006439208984375e+01
-7.873006439208984375e+01
-7.873001861572265625e+01
-7.873009490966796875e+01
-7.873011016845703125e+01
-7.872995758056640625e+01
-7.873013305664062500e+01
-7.873018646240234375e+01
-7.873004150390625000e+01
-7.873006439208984375e+01
-7.873019409179687500e+01
-7.873016357421875000e+01
-7.873022460937500000e+01
-7.872997283935546875e+01
-7.872993469238281250e+01
-7.873004913330078125e+01
-7.873020172119140625e+01
-7.873009490966796875e+01
-7.873005676269531250e+01
-7.873023986816406250e+01
-7.873018646240234375e+01
-7.873033142089843750e+01
-7.873012542724609375e+01
-7.873006439208984375e+01
-7.873030853271484375e+01
-7.873006439208984375e+01
-7.873027801513671875e+01
-7.873017120361328125e+01
-7.873019409179687500e+01
-7.873023223876953125e+01
-7.873023223876953125e+01
-7.873028564453125000e+01
-7.873015594482421875e+01
-7.873024749755859375e+01
-7.873004913330078125e+01
-7.873022460937500000e+01
-7.873009490966796875e+01
-7.873023986816406250e+01
-7.873015594482421875e+01
-7.873011016845703125e+01
-7.873014068603515625e+01
-7.873022460937500000e+01
-7.873022460937500000e+01
-7.873014831542968750e+01
-7.873030853271484375e+01
-7.873001098632812500e+01
-7.873022460937500000e+01
-7.873035430908203125e+01
-7.873017120361328125e+01
-7.873027801513671875e+01
-7.873028564453125000e+01
-7.873020935058593750e+01
-7.873024749755859375e+01
-7.873019409179687500e+01
-7.873040771484375000e+01
-7.873026275634765625e+01
-7.873023223876953125e+01
-7.873007965087890625e+01
-7.873038482666015625e+01
-7.873033142089843750e+01
-7.873033142089843750e+01
-7.873042297363281250e+01
-7.873029327392578125e+01
-7.873026275634765625e+01
-7.873027038574218750e+01
-7.873038482666015625e+01
-7.873014831542968750e+01
-7.873025512695312500e+01
-7.873013305664062500e+01
-7.873035430908203125e+01
-7.873037719726562500e+01
-7.873015594482421875e+01
-7.873030853271484375e+01
-7.873029327392578125e+01
-7.873028564453125000e+01
-7.873021697998046875e+01
-7.873012542724609375e+01
-7.873023223876953125e+01
-7.873016357421875000e+01
-7.873044586181640625e+01
-7.873021697998046875e+01
-7.873014068603515625e+01
-7.873020172119140625e+01
-7.873017120361328125e+01
-7.873018646240234375e+01
-7.873036193847656250e+01
-7.873041534423828125e+01
-7.873023223876953125e+01
-7.873046875000000000e+01
-7.873043823242187500e+01
-7.873027801513671875e+01
-7.873019409179687500e+01
-7.873041534423828125e+01
-7.873033142089843750e+01
-7.873014831542968750e+01
-7.873027801513671875e+01
-7.873029327392578125e+01
-7.873031616210937500e+01
-7.873045349121093750e+01
-7.873033142089843750e+01
-7.873040008544921875e+01
-7.873046875000000000e+01
-7.873031616210937500e+01
-7.873026275634765625e+01
-7.873041534423828125e+01
-7.873032379150390625e+01
-7.873034667968750000e+01
-7.873049926757812500e+01
-7.873045349121093750e+01
-7.873040008544921875e+01
-7.873046875000000000e+01
-7.873039245605468750e+01
-7.873028564453125000e+01
-7.873028564453125000e+01
-7.873034667968750000e+01
-7.873049926757812500e+01
-7.873027038574218750e+01
-7.873035430908203125e+01
-7.873036956787109375e+01
-7.873034667968750000e+01
-7.873049163818359375e+01
-7.873035430908203125e+01
-7.873043060302734375e+01
-7.873036193847656250e+01
-7.873025512695312500e+01
-7.873034667968750000e+01
-7.873043823242187500e+01
-7.873041534423828125e+01
-7.873013305664062500e+01
-7.873023223876953125e+01
-7.873029327392578125e+01
-7.873034667968750000e+01
-7.873040771484375000e+01
-7.873008728027343750e+01
-7.873025512695312500e+01
-7.873049163818359375e+01
-7.873027038574218750e+01
-7.873040008544921875e+01
-7.873036193847656250e+01
-7.873029327392578125e+01
-7.873046112060546875e+01
-7.873043823242187500e+01
-7.873038482666015625e+01
-7.873054504394531250e+01
-7.873043823242187500e+01
-7.873038482666015625e+01
-7.873044586181640625e+01
-7.873036193847656250e+01
-7.873046112060546875e+01
-7.873050689697265625e+01
-7.873031616210937500e+01
-7.873045349121093750e+01
-7.873040771484375000e+01
-7.873027801513671875e+01
-7.873038482666015625e+01
-7.873030090332031250e+01
-7.873021697998046875e+01
-7.873036956787109375e+01
-7.873038482666015625e+01
-7.873040008544921875e+01
-7.873033142089843750e+01
-7.873032379150390625e+01
-7.873039245605468750e+01
-7.873034667968750000e+01
-7.873034667968750000e+01
-7.873022460937500000e+01
-7.873034667968750000e+01
-7.873043060302734375e+01
-7.873034667968750000e+01
-7.873040771484375000e+01
-7.873044586181640625e+01
-7.873032379150390625e+01
-7.873043823242187500e+01
-7.873030090332031250e+01
-7.873036956787109375e+01
-7.873031616210937500e+01
-7.873049926757812500e+01
-7.873056793212890625e+01
-7.873051452636718750e+01
-7.873036956787109375e+01
-7.873026275634765625e+01
-7.873036193847656250e+01
-7.873049926757812500e+01
-7.873036956787109375e+01
-7.873054504394531250e+01
-7.873060607910156250e+01
-7.873052215576171875e+01
-7.873056030273437500e+01
-7.873036193847656250e+01
-7.873046112060546875e+01
-7.873042297363281250e+01
-7.873046112060546875e+01
-7.873040008544921875e+01
-7.873049926757812500e+01
-7.873055267333984375e+01
-7.873044586181640625e+01
-7.873037719726562500e+01
-7.873039245605468750e+01
-7.873044586181640625e+01
-7.873045349121093750e+01
-7.873043823242187500e+01
-7.873041534423828125e+01
-7.873046875000000000e+01
-7.873034667968750000e+01
-7.873051452636718750e+01
-7.873056030273437500e+01
-7.873036193847656250e+01
-7.873040771484375000e+01
-7.873043823242187500e+01
-7.873052978515625000e+01
-7.873052978515625000e+01
-7.873036956787109375e+01
-7.873020935058593750e+01
-7.873052978515625000e+01
-7.873033905029296875e+01
-7.873053741455078125e+01
-7.873041534423828125e+01
-7.873049163818359375e+01
-7.873060607910156250e+01
-7.873058319091796875e+01
-7.873060607910156250e+01
-7.873049926757812500e+01
-7.873053741455078125e+01
-7.873053741455078125e+01
-7.873056030273437500e+01
-7.873049163818359375e+01
-7.873031616210937500e+01
-7.873040008544921875e+01
-7.873053741455078125e+01
-7.873036193847656250e+01
-7.873037719726562500e+01
-7.873050689697265625e+01
-7.873045349121093750e+01
-7.873051452636718750e+01
-7.873034667968750000e+01
-7.873051452636718750e+01
-7.873040008544921875e+01
-7.873039245605468750e+01
-7.873055267333984375e+01
-7.873062896728515625e+01
-7.873032379150390625e+01
-7.873049926757812500e+01
-7.873048400878906250e+01
-7.873046875000000000e+01
-7.873043060302734375e+01
-7.873046112060546875e+01
-7.873032379150390625e+01
-7.873033905029296875e+01
-7.873030853271484375e+01
-7.873035430908203125e+01
-7.873047637939453125e+01
-7.873046112060546875e+01
-7.873046112060546875e+01
-7.873046112060546875e+01
-7.873047637939453125e+01
-7.873048400878906250e+01
-7.873049163818359375e+01
-7.873043823242187500e+01
-7.873031616210937500e+01
-7.873056793212890625e+01
-7.873047637939453125e+01
-7.873057556152343750e+01
-7.873049926757812500e+01
-7.873045349121093750e+01
-7.873034667968750000e+01
-7.873042297363281250e+01
-7.873052215576171875e+01
-7.873051452636718750e+01
-7.873052978515625000e+01
-7.873060607910156250e+01
-7.873058319091796875e+01
-7.873038482666015625e+01
-7.873047637939453125e+01
-7.873042297363281250e+01
-7.873052215576171875e+01
-7.873049926757812500e+01
-7.873043060302734375e+01
-7.873041534423828125e+01
-7.873049926757812500e+01
-7.873042297363281250e+01
-7.873058319091796875e+01
-7.873037719726562500e+01
-7.873056030273437500e+01
-7.873040771484375000e+01
-7.873040771484375000e+01
-7.873033142089843750e+01
-7.873041534423828125e+01
-7.873036193847656250e+01
-7.873043823242187500e+01
-7.873047637939453125e+01
-7.873041534423828125e+01
-7.873039245605468750e+01
-7.873040771484375000e+01
-7.873042297363281250e+01
-7.873060607910156250e+01
-7.873043060302734375e+01
-7.873059844970703125e+01
-7.873052215576171875e+01
-7.873051452636718750e+01
-7.873049926757812500e+01
-7.873035430908203125e+01
-7.873060607910156250e+01
-7.873056030273437500e+01
-7.873063659667968750e+01
-7.873050689697265625e+01
-7.873043060302734375e+01
-7.873027038574218750e+01
-7.873047637939453125e+01
-7.873030853271484375e+01
-7.873049163818359375e+01
-7.873058319091796875e+01
-7.873039245605468750e+01
-7.873052978515625000e+01
-7.873048400878906250e+01
-7.873037719726562500e+01
-7.873063659667968750e+01
-7.873049926757812500e+01
-7.873051452636718750e+01
-7.873052215576171875e+01
-7.873035430908203125e+01
-7.873048400878906250e+01
-7.873056793212890625e+01
-7.873040771484375000e+01
-7.873058319091796875e+01
-7.873032379150390625e+01
-7.873041534423828125e+01
-7.873047637939453125e+01
-7.873044586181640625e+01
-7.873052978515625000e+01
-7.873050689697265625e+01
-7.873049926757812500e+01
-7.873054504394531250e+01
-7.873055267333984375e+01
-7.873038482666015625e+01
-7.873068237304687500e+01
-7.873056793212890625e+01
-7.873055267333984375e+01
-7.873051452636718750e+01
-7.873062133789062500e+01
-7.873059082031250000e+01
-7.873056793212890625e+01
-7.873038482666015625e+01
-7.873053741455078125e+01
-7.873033905029296875e+01
-7.873057556152343750e+01
-7.873048400878906250e+01
-7.873053741455078125e+01
-7.873071289062500000e+01
-7.873040008544921875e+01
-7.873036956787109375e+01
-7.873041534423828125e+01
-7.873054504394531250e+01
-7.873052978515625000e+01
-7.873056030273437500e+01
-7.873046112060546875e+01
-7.873053741455078125e+01
-7.873066711425781250e+01
-7.873046875000000000e+01
-7.873054504394531250e+01
-7.873046112060546875e+01
-7.873054504394531250e+01
-7.873043060302734375e+01
-7.873044586181640625e+01
-7.873055267333984375e+01
-7.873040771484375000e+01
-7.873047637939453125e+01
-7.873042297363281250e+01
-7.873058319091796875e+01
-7.873046875000000000e+01
-7.873056030273437500e+01
-7.873060607910156250e+01
-7.873069763183593750e+01
-7.873043060302734375e+01
-7.873062896728515625e+01
-7.873048400878906250e+01
-7.873049163818359375e+01
-7.873052215576171875e+01
-7.873030853271484375e+01
-7.873060607910156250e+01
-7.873062896728515625e+01
-7.873055267333984375e+01
-7.873062133789062500e+01
-7.873072052001953125e+01
-7.873065185546875000e+01
-7.873065948486328125e+01
-7.873077392578125000e+01
-7.873052215576171875e+01
-7.873040008544921875e+01
-7.873056793212890625e+01
-7.873044586181640625e+01
-7.873052215576171875e+01
-7.873049926757812500e+01
-7.873043060302734375e+01
-7.873049926757812500e+01
-7.873049926757812500e+01
-7.873036956787109375e+01
-7.873052978515625000e+01
-7.873052978515625000e+01
-7.873043060302734375e+01
-7.873045349121093750e+01
-7.873046875000000000e+01
-7.873065948486328125e+01
-7.873062896728515625e+01
-7.873044586181640625e+01
-7.873053741455078125e+01
-7.873056793212890625e+01
-7.873049926757812500e+01
-7.873053741455078125e+01
-7.873053741455078125e+01
-7.873063659667968750e+01
-7.873063659667968750e+01
-7.873061370849609375e+01
-7.873062896728515625e+01
-7.873052978515625000e+01
-7.873060607910156250e+01
-7.873044586181640625e+01
-7.873043060302734375e+01
-7.873051452636718750e+01
-7.873062896728515625e+01
-7.873056030273437500e+01
-7.873047637939453125e+01
-7.873028564453125000e+01
-7.873046875000000000e+01
-7.873063659667968750e+01
-7.873052978515625000e+01
-7.873042297363281250e+01
-7.873044586181640625e+01
-7.873052215576171875e+01
-7.873057556152343750e+01
-7.873062133789062500e+01
-7.873058319091796875e+01
-7.873049163818359375e+01
-7.873059082031250000e+01
-7.873075866699218750e+01
-7.873049163818359375e+01
-7.873049163818359375e+01
-7.873048400878906250e+01
-7.873058319091796875e+01
-7.873058319091796875e+01
-7.873064422607421875e+01
-7.873061370849609375e+01
-7.873043823242187500e+01
-7.873063659667968750e+01
-7.873054504394531250e+01
-7.873062133789062500e+01
-7.873047637939453125e+01
-7.873038482666015625e+01
-7.873055267333984375e+01
-7.873045349121093750e+01
-7.873059082031250000e+01
-7.873060607910156250e+01
-7.873066711425781250e+01
-7.873049926757812500e+01
-7.873058319091796875e+01
-7.873061370849609375e+01
-7.873063659667968750e+01
-7.873069000244140625e+01
-7.873056793212890625e+01
-7.873054504394531250e+01
-7.873053741455078125e+01
-7.873056030273437500e+01
-7.873059082031250000e+01
-7.873062133789062500e+01
-7.873052978515625000e+01
-7.873049163818359375e+01
-7.873065948486328125e+01
-7.873059844970703125e+01
-7.873068237304687500e+01
-7.873060607910156250e+01
-7.873058319091796875e+01
-7.873057556152343750e+01
-7.873062133789062500e+01
-7.873061370849609375e+01
-7.873059844970703125e+01
-7.873065948486328125e+01
-7.873052978515625000e+01
-7.873051452636718750e+01
-7.873076629638671875e+01
-7.873047637939453125e+01
-7.873058319091796875e+01
-7.873051452636718750e+01
-7.873073577880859375e+01
-7.873046112060546875e+01
-7.873058319091796875e+01
-7.873040008544921875e+01
-7.873049926757812500e+01
-7.873049163818359375e+01
-7.873054504394531250e+01
-7.873065185546875000e+01
-7.873052215576171875e+01
-7.873059844970703125e+01
-7.873056793212890625e+01
-7.873052215576171875e+01
-7.873052978515625000e+01
-7.873062896728515625e+01
-7.873056030273437500e+01
-7.873047637939453125e+01
-7.873056030273437500e+01
-7.873065948486328125e+01
-7.873059844970703125e+01
-7.873068237304687500e+01
-7.873044586181640625e+01
-7.873064422607421875e+01
-7.873057556152343750e+01
-7.873049926757812500e+01
-7.873057556152343750e+01
-7.873058319091796875e+01
-7.873065185546875000e+01
-7.873054504394531250e+01
-7.873059844970703125e+01
-7.873055267333984375e+01
-7.873060607910156250e+01
-7.873062133789062500e+01
-7.873077392578125000e+01
-7.873049926757812500e+01
-7.873059082031250000e+01
-7.873064422607421875e+01
-7.873073577880859375e+01
-7.873063659667968750e+01
-7.873056030273437500e+01
-7.873064422607421875e+01
-7.873046875000000000e+01
-7.873056793212890625e+01
-7.873071289062500000e+01
-7.873053741455078125e+01
-7.873065185546875000e+01
-7.873049163818359375e+01
-7.873044586181640625e+01
-7.873034667968750000e+01
-7.873051452636718750e+01
-7.873051452636718750e+01
-7.873069000244140625e+01
-7.873062133789062500e+01
-7.873065185546875000e+01
-7.873068237304687500e+01
-7.873061370849609375e+01
-7.873074340820312500e+01
-7.873060607910156250e+01
-7.873044586181640625e+01
-7.873064422607421875e+01
-7.873065948486328125e+01
-7.873049163818359375e+01
-7.873060607910156250e+01
-7.873064422607421875e+01
-7.873059082031250000e+01
-7.873081207275390625e+01
-7.873060607910156250e+01
-7.873073577880859375e+01
-7.873063659667968750e+01
-7.873078155517578125e+01
-7.873071289062500000e+01
-7.873052978515625000e+01
-7.873069000244140625e+01
-7.873061370849609375e+01
-7.873056030273437500e+01
-7.873055267333984375e+01
-7.873071289062500000e+01
-7.873053741455078125e+01
-7.873069000244140625e+01
-7.873075103759765625e+01
-7.873062896728515625e+01
-7.873058319091796875e+01
-7.873053741455078125e+01
-7.873063659667968750e+01
-7.873062133789062500e+01
-7.873052215576171875e+01
-7.873062896728515625e+01
-7.873055267333984375e+01
-7.873076629638671875e+01
-7.873058319091796875e+01
-7.873057556152343750e+01
-7.873062896728515625e+01
-7.873065185546875000e+01
-7.873058319091796875e+01
-7.873069000244140625e+01
-7.873066711425781250e+01
-7.873054504394531250e+01
-7.873067474365234375e+01
-7.873069000244140625e+01
-7.873065185546875000e+01
-7.873065185546875000e+01
-7.873055267333984375e+01
-7.873056030273437500e+01
-7.873052978515625000e+01
-7.873041534423828125e+01
-7.873052978515625000e+01
-7.873072052001953125e+01
-7.873069763183593750e+01
-7.873056030273437500e+01
-7.873057556152343750e+01
-7.873069763183593750e+01
-7.873065948486328125e+01
-7.873067474365234375e+01
-7.873056793212890625e+01
-7.873069000244140625e+01
-7.873045349121093750e+01
-7.873056793212890625e+01
-7.873060607910156250e+01
-7.873056793212890625e+01
-7.873063659667968750e+01
-7.873056793212890625e+01
-7.873069763183593750e+01
-7.873060607910156250e+01
-7.873073577880859375e+01
-7.873059844970703125e+01
-7.873056793212890625e+01
-7.873029327392578125e+01
-7.873071289062500000e+01
-7.873062133789062500e+01
-7.873060607910156250e+01
-7.873043823242187500e+01
-7.873065185546875000e+01
-7.873064422607421875e+01
-7.873063659667968750e+01
-7.873056030273437500e+01
-7.873064422607421875e+01
-7.873062896728515625e+01
-7.873064422607421875e+01
-7.873056793212890625e+01
-7.873049163818359375e+01
-7.873078155517578125e+01
-7.873050689697265625e+01
-7.873047637939453125e+01
-7.873052978515625000e+01
-7.873066711425781250e+01
-7.873073577880859375e+01
-7.873068237304687500e+01
-7.873082733154296875e+01
-7.873072814941406250e+01
-7.873078918457031250e+01
-7.873047637939453125e+01
-7.873066711425781250e+01
-7.873059082031250000e+01
-7.873063659667968750e+01
-7.873067474365234375e+01
-7.873050689697265625e+01
-7.873062133789062500e+01
-7.873064422607421875e+01
-7.873050689697265625e+01
-7.873052215576171875e+01
-7.873066711425781250e+01
-7.873065185546875000e+01
-7.873059844970703125e+01
-7.873067474365234375e+01
-7.873074340820312500e+01
-7.873061370849609375e+01
-7.873044586181640625e+01
-7.873062896728515625e+01
-7.873072052001953125e+01
-7.873057556152343750e+01
-7.873050689697265625e+01
-7.873067474365234375e+01
-7.873067474365234375e+01
-7.873062133789062500e+01
-7.873061370849609375e+01
-7.873058319091796875e+01
-7.873059082031250000e+01
-7.873074340820312500e+01
-7.873075866699218750e+01
-7.873060607910156250e+01
-7.873049163818359375e+01
-7.873058319091796875e+01
-7.873059082031250000e+01
-7.873049163818359375e+01
-7.873056793212890625e+01
-7.873047637939453125e+01
-7.873062133789062500e+01
-7.873053741455078125e+01
-7.873062896728515625e+01
-7.873072814941406250e+01
-7.873069000244140625e+01
-7.873057556152343750e+01
-7.873052215576171875e+01
-7.873056793212890625e+01
-7.873066711425781250e+01
-7.873043060302734375e+01
-7.873068237304687500e+01
-7.873064422607421875e+01
-7.873055267333984375e+01
-7.873050689697265625e+01
-7.873063659667968750e+01
-7.873033905029296875e+01
-7.873048400878906250e+01
-7.873052978515625000e+01
-7.873053741455078125e+01
-7.873066711425781250e+01
-7.873051452636718750e+01
-7.873062896728515625e+01
-7.873056030273437500e+01
-7.873059844970703125e+01
-7.873062133789062500e+01
-7.873056793212890625e+01
-7.873052215576171875e+01
-7.873056793212890625e+01
-7.873060607910156250e+01
-7.873055267333984375e+01
-7.873065948486328125e+01
-7.873056030273437500e+01
-7.873048400878906250e+01
-7.873062133789062500e+01
-7.873059844970703125e+01
-7.873065185546875000e+01
-7.873048400878906250e+01
-7.873064422607421875e+01
-7.873065948486328125e+01
-7.873063659667968750e+01
-7.873076629638671875e+01
-7.873069000244140625e+01
-7.873063659667968750e+01
-7.873073577880859375e+01
-7.873058319091796875e+01
-7.873052978515625000e+01
-7.873059082031250000e+01
-7.873066711425781250e+01
-7.873052215576171875e+01
-7.873050689697265625e+01
-7.873070526123046875e+01
-7.873072052001953125e+01
-7.873064422607421875e+01
-7.873062133789062500e+01
-7.873062896728515625e+01
-7.873056793212890625e+01
-7.873050689697265625e+01
-7.873058319091796875e+01
-7.873065185546875000e+01
-7.873077392578125000e+01
-7.873069763183593750e+01
-7.873043823242187500e+01
-7.873069763183593750e+01
-7.873074340820312500e+01
-7.873065185546875000e+01
-7.873065185546875000e+01
-7.873063659667968750e+01
-7.873062896728515625e+01
-7.873060607910156250e+01
-7.873056793212890625e+01
-7.873056030273437500e+01
-7.873063659667968750e+01
-7.873055267333984375e+01
-7.873049926757812500e+01
-7.873073577880859375e+01
-7.873065948486328125e+01
-7.873054504394531250e+01
-7.873062133789062500e+01
-7.873053741455078125e+01
-7.873075866699218750e+01
-7.873058319091796875e+01
-7.873041534423828125e+01
-7.873044586181640625e+01
-7.873047637939453125e+01
-7.873052215576171875e+01
-7.873074340820312500e+01
-7.873052215576171875e+01
-7.873060607910156250e+01
-7.873069000244140625e+01
-7.873082733154296875e+01
-7.873055267333984375e+01
-7.873059844970703125e+01
-7.873068237304687500e+01
-7.873074340820312500e+01
-7.873059844970703125e+01
-7.873062896728515625e+01
-7.873052215576171875e+01
-7.873059082031250000e+01
-7.873051452636718750e+01
-7.873052215576171875e+01
-7.873055267333984375e+01
-7.873040771484375000e+01
-7.873072052001953125e+01
-7.873065948486328125e+01
-7.873072814941406250e+01
-7.873054504394531250e+01
-7.873066711425781250e+01
-7.873049926757812500e+01
-7.873056793212890625e+01
-7.873050689697265625e+01
-7.873059844970703125e+01
-7.873061370849609375e+01
-7.873045349121093750e+01
-7.873048400878906250e+01
-7.873076629638671875e+01
-7.873056030273437500e+01
-7.873065185546875000e+01
-7.873040771484375000e+01
-7.873072052001953125e+01
-7.873062133789062500e+01
-7.873043823242187500e+01
-7.873062133789062500e+01
-7.873051452636718750e+01
-7.873062896728515625e+01
-7.873075866699218750e+01
-7.873072814941406250e+01
-7.873065948486328125e+01
-7.873075866699218750e+01
-7.873062133789062500e+01
-7.873056030273437500e+01
-7.873059844970703125e+01
-7.873066711425781250e+01
-7.873049926757812500e+01
-7.873062133789062500e+01
-7.873065948486328125e+01
-7.873059844970703125e+01
-7.873061370849609375e+01
-7.873059844970703125e+01
-7.873041534423828125e+01
-7.873056030273437500e+01
-7.873058319091796875e+01
-7.873058319091796875e+01
-7.873062133789062500e+01
-7.873049926757812500e+01
-7.873072052001953125e+01
-7.873064422607421875e+01
-7.873064422607421875e+01
-7.873071289062500000e+01
-7.873052978515625000e+01
-7.873054504394531250e+01
-7.873064422607421875e+01
-7.873053741455078125e+01
-7.873065185546875000e+01
-7.873066711425781250e+01
-7.873055267333984375e+01
-7.873059082031250000e+01
-7.873061370849609375e+01
-7.873073577880859375e+01
-7.873075866699218750e+01
-7.873065948486328125e+01
-7.873063659667968750e+01
-7.873070526123046875e+01
-7.873058319091796875e+01
-7.873070526123046875e+01
-7.873063659667968750e+01
-7.873056793212890625e+01
-7.873059082031250000e+01
-7.873068237304687500e+01
-7.873062896728515625e+01
-7.873062896728515625e+01
-7.873055267333984375e+01
-7.873046112060546875e+01
-7.873063659667968750e+01
-7.873068237304687500e+01
-7.873049163818359375e+01
-7.873065185546875000e+01
-7.873055267333984375e+01
-7.873052215576171875e+01
-7.873078155517578125e+01
-7.873062133789062500e+01
-7.873046875000000000e+01
-7.873053741455078125e+01
-7.873073577880859375e+01
-7.873065185546875000e+01
-7.873056030273437500e+01
-7.873043060302734375e+01
-7.873057556152343750e+01
-7.873056030273437500e+01
-7.873068237304687500e+01
-7.873048400878906250e+01
-7.873065185546875000e+01
-7.873060607910156250e+01
-7.873052215576171875e+01
-7.873061370849609375e+01
-7.873063659667968750e+01
-7.873069000244140625e+01
-7.873059082031250000e+01
-7.873057556152343750e+01
-7.873059082031250000e+01
-7.873062896728515625e+01
-7.873059082031250000e+01
-7.873043060302734375e+01
-7.873061370849609375e+01
-7.873042297363281250e+01
-7.873071289062500000e+01
-7.873052215576171875e+01
-7.873062133789062500e+01
-7.873056793212890625e+01
-7.873062896728515625e+01
-7.873079681396484375e+01
-7.873052215576171875e+01
-7.873043823242187500e+01
-7.873050689697265625e+01
-7.873040008544921875e+01
-7.873054504394531250e+01
-7.873060607910156250e+01
-7.873052978515625000e+01
-7.873061370849609375e+01
-7.873068237304687500e+01
-7.873060607910156250e+01
-7.873062133789062500e+01
-7.873067474365234375e+01
-7.873051452636718750e+01
-7.873051452636718750e+01
-7.873049163818359375e+01
-7.873052978515625000e+01
-7.873071289062500000e+01
-7.873068237304687500e+01
-7.873072814941406250e+01
-7.873066711425781250e+01
-7.873063659667968750e+01
-7.873052215576171875e+01
-7.873047637939453125e+01
-7.873059844970703125e+01
-7.873065185546875000e+01
-7.873058319091796875e+01
-7.873065948486328125e+01
-7.873065185546875000e+01
-7.873067474365234375e+01
-7.873069763183593750e+01
-7.873058319091796875e+01
-7.873055267333984375e+01
-7.873046875000000000e+01
-7.873049926757812500e+01
-7.873075866699218750e+01
-7.873058319091796875e+01
-7.873050689697265625e+01
-7.873068237304687500e+01
-7.873060607910156250e+01
-7.873046875000000000e+01
-7.873058319091796875e+01
-7.873062896728515625e+01
-7.873039245605468750e+01
-7.873061370849609375e+01
-7.873054504394531250e+01
-7.873066711425781250e+01
-7.873063659667968750e+01
-7.873056793212890625e+01
-7.873056030273437500e+01
-7.873062133789062500e+01
-7.873066711425781250e+01
-7.873067474365234375e+01
-7.873065948486328125e+01
-7.873062896728515625e+01
-7.873070526123046875e+01
-7.873050689697265625e+01
-7.873070526123046875e+01
-7.873075103759765625e+01
-7.873057556152343750e+01
-7.873071289062500000e+01
-7.873070526123046875e+01
-7.873059844970703125e+01
-7.873081970214843750e+01
-7.873069000244140625e+01
-7.873056793212890625e+01
-7.873074340820312500e+01
-7.873062896728515625e+01
-7.873071289062500000e+01
-7.873068237304687500e+01
-7.873081207275390625e+01
-7.873072052001953125e+01
-7.873060607910156250e+01
-7.873062896728515625e+01
-7.873039245605468750e+01
-7.873072052001953125e+01
-7.873072052001953125e+01
-7.873053741455078125e+01
-7.873061370849609375e+01
-7.873066711425781250e+01
-7.873072052001953125e+01
-7.873062896728515625e+01
-7.873060607910156250e+01
-7.873067474365234375e+01
-7.873079681396484375e+01
-7.873062133789062500e+01
-7.873054504394531250e+01
-7.873061370849609375e+01
-7.873062896728515625e+01
-7.873048400878906250e+01
-7.873058319091796875e+01
-7.873065185546875000e+01
-7.873065185546875000e+01
-7.873063659667968750e+01
-7.873062133789062500e+01
-7.873058319091796875e+01
-7.873050689697265625e+01
-7.873044586181640625e+01
-7.873049163818359375e+01
-7.873062133789062500e+01
-7.873054504394531250e+01
-7.873079681396484375e+01
-7.873078918457031250e+01
-7.873067474365234375e+01
-7.873069763183593750e+01
-7.873049163818359375e+01
-7.873052215576171875e+01
-7.873064422607421875e+01
-7.873059082031250000e+01
-7.873080444335937500e+01
-7.873069000244140625e+01
-7.873044586181640625e+01
-7.873065185546875000e+01
-7.873071289062500000e+01
-7.873081970214843750e+01
-7.873069763183593750e+01
-7.873079681396484375e+01
-7.873070526123046875e+01
-7.873069763183593750e+01
-7.873046875000000000e+01
-7.873062133789062500e+01
-7.873059844970703125e+01
-7.873056793212890625e+01
-7.873066711425781250e+01
-7.873047637939453125e+01
-7.873046112060546875e+01
-7.873061370849609375e+01
-7.873068237304687500e+01
-7.873074340820312500e+01
-7.873069000244140625e+01
-7.873052978515625000e+01
-7.873070526123046875e+01
-7.873052978515625000e+01
-7.873066711425781250e+01
-7.873062896728515625e+01
-7.873065948486328125e+01
-7.873059082031250000e+01
-7.873056030273437500e+01
-7.873062133789062500e+01
-7.873064422607421875e+01
-7.873066711425781250e+01
-7.873067474365234375e+01
-7.873050689697265625e+01
-7.873052978515625000e+01
-7.873049926757812500e+01
-7.873062896728515625e+01
-7.873065185546875000e+01
-7.873065185546875000e+01
-7.873048400878906250e+01
-7.873065185546875000e+01
-7.873056030273437500e+01
-7.873064422607421875e+01
-7.873066711425781250e+01
-7.873064422607421875e+01
-7.873069000244140625e+01
-7.873063659667968750e+01
-7.873065185546875000e+01
-7.873062896728515625e+01
-7.873068237304687500e+01
-7.873053741455078125e+01
-7.873072814941406250e+01
-7.873069763183593750e+01
-7.873072052001953125e+01
-7.873065185546875000e+01
-7.873062896728515625e+01
-7.873061370849609375e+01
-7.873076629638671875e+01
-7.873068237304687500e+01
-7.873070526123046875e+01
-7.873071289062500000e+01
-7.873062133789062500e+01
-7.873069763183593750e+01
-7.873065948486328125e+01
-7.873073577880859375e+01
-7.873055267333984375e+01
-7.873065185546875000e+01
-7.873067474365234375e+01
-7.873074340820312500e+01
-7.873069763183593750e+01
-7.873078155517578125e+01
-7.873075866699218750e+01
-7.873073577880859375e+01
-7.873074340820312500e+01
-7.873069000244140625e+01
-7.873081207275390625e+01
-7.873056030273437500e+01
-7.873048400878906250e+01
-7.873067474365234375e+01
-7.873072052001953125e+01
-7.873065948486328125e+01
-7.873059844970703125e+01
-7.873069763183593750e+01
-7.873056793212890625e+01
-7.873057556152343750e+01
-7.873060607910156250e+01
-7.873056030273437500e+01
-7.873059844970703125e+01
-7.873058319091796875e+01
-7.873062896728515625e+01
-7.873057556152343750e+01
-7.873068237304687500e+01
-7.873071289062500000e+01
-7.873052978515625000e+01
-7.873070526123046875e+01
-7.873072052001953125e+01
-7.873068237304687500e+01
-7.873076629638671875e+01
-7.873065185546875000e+01
-7.873045349121093750e+01
-7.873056793212890625e+01
-7.873057556152343750e+01
-7.873056793212890625e+01
-7.873065185546875000e+01
-7.873065185546875000e+01
-7.873075866699218750e+01
-7.873078155517578125e+01
-7.873075103759765625e+01
-7.873062133789062500e+01
-7.873056793212890625e+01
-7.873062133789062500e+01
-7.873075103759765625e+01
-7.873065948486328125e+01
-7.873073577880859375e+01
-7.873059844970703125e+01
-7.873069000244140625e+01
-7.873054504394531250e+01
-7.873060607910156250e+01
-7.873075103759765625e+01
-7.873054504394531250e+01
-7.873075866699218750e+01
-7.873068237304687500e+01
-7.873071289062500000e+01
-7.873060607910156250e+01
-7.873081970214843750e+01
-7.873071289062500000e+01
-7.873081970214843750e+01
-7.873068237304687500e+01
-7.873052978515625000e+01
-7.873070526123046875e+01
-7.873064422607421875e+01
-7.873068237304687500e+01
-7.873078918457031250e+01
-7.873063659667968750e+01
-7.873074340820312500e+01
-7.873065185546875000e+01
-7.873065185546875000e+01
-7.873060607910156250e+01
-7.873069000244140625e+01
-7.873075866699218750e+01
-7.873056793212890625e+01
-7.873056793212890625e+01
-7.873063659667968750e+01
-7.873079681396484375e+01
-7.873065948486328125e+01
-7.873062133789062500e+01
-7.873059844970703125e+01
-7.873055267333984375e+01
-7.873063659667968750e+01
-7.873048400878906250e+01
-7.873070526123046875e+01
-7.873050689697265625e+01
-7.873084259033203125e+01
-7.873076629638671875e+01
-7.873070526123046875e+01
-7.873053741455078125e+01
-7.873056793212890625e+01
-7.873059082031250000e+01
-7.873059082031250000e+01
-7.873044586181640625e+01
-7.873050689697265625e+01
-7.873057556152343750e+01
-7.873069000244140625e+01
-7.873059082031250000e+01
-7.873066711425781250e+01
-7.873062896728515625e+01
-7.873064422607421875e+01
-7.873052978515625000e+01
-7.873054504394531250e+01
-7.873069000244140625e+01
-7.873062133789062500e+01
-7.873072052001953125e+01
-7.873053741455078125e+01
-7.873075866699218750e+01
-7.873073577880859375e+01
-7.873059082031250000e+01
-7.873061370849609375e+01
-7.873076629638671875e+01
-7.873063659667968750e+01
-7.873068237304687500e+01
-7.873071289062500000e+01
-7.873059082031250000e+01
-7.873078918457031250e+01
-7.873075866699218750e+01
-7.873070526123046875e+01
-7.873086547851562500e+01
-7.873065948486328125e+01
-7.873071289062500000e+01
-7.873078155517578125e+01
-7.873077392578125000e+01
-7.873056793212890625e+01
-7.873072814941406250e+01
-7.873070526123046875e+01
-7.873063659667968750e+01
-7.873076629638671875e+01
-7.873055267333984375e+01
-7.873064422607421875e+01
-7.873057556152343750e+01
-7.873056030273437500e+01
-7.873065948486328125e+01
-7.873049163818359375e+01
-7.873056793212890625e+01
-7.873064422607421875e+01
-7.873057556152343750e+01
-7.873054504394531250e+01
-7.873066711425781250e+01
-7.873065948486328125e+01
-7.873080444335937500e+01
-7.873052978515625000e+01
-7.873081970214843750e+01
-7.873057556152343750e+01
-7.873059844970703125e+01
-7.873061370849609375e+01
-7.873062133789062500e+01
-7.873058319091796875e+01
-7.873076629638671875e+01
-7.873081207275390625e+01
-7.873063659667968750e+01
-7.873081970214843750e+01
-7.873085021972656250e+01
-7.873066711425781250e+01
-7.873055267333984375e+01
-7.873068237304687500e+01
-7.873075103759765625e+01
-7.873075866699218750e+01
-7.873085784912109375e+01
-7.873058319091796875e+01
-7.873069763183593750e+01
-7.873056793212890625e+01
-7.873065185546875000e+01
-7.873072814941406250e+01
-7.873071289062500000e+01
-7.873078155517578125e+01
-7.873069000244140625e+01
-7.873057556152343750e+01
-7.873071289062500000e+01
-7.873067474365234375e+01
-7.873066711425781250e+01
-7.873052978515625000e+01
-7.873080444335937500e+01
-7.873063659667968750e+01
-7.873071289062500000e+01
-7.873058319091796875e+01
-7.873063659667968750e+01
-7.873070526123046875e+01
-7.873070526123046875e+01
-7.873070526123046875e+01
-7.873082733154296875e+01
-7.873056030273437500e+01
-7.873081207275390625e+01
-7.873059844970703125e+01
-7.873056030273437500e+01
-7.873065948486328125e+01
-7.873075866699218750e+01
-7.873062896728515625e+01
-7.873052978515625000e+01
-7.873062133789062500e+01
-7.873062133789062500e+01
-7.873061370849609375e+01
-7.873051452636718750e+01
-7.873065948486328125e+01
-7.873069000244140625e+01
-7.873055267333984375e+01
-7.873058319091796875e+01
-7.873070526123046875e+01
-7.873062133789062500e+01
-7.873073577880859375e+01
-7.873077392578125000e+01
-7.873062133789062500e+01
-7.873056793212890625e+01
-7.873062896728515625e+01
-7.873066711425781250e+01
-7.873072052001953125e+01
-7.873070526123046875e+01
-7.873059082031250000e+01
-7.873053741455078125e+01
-7.873051452636718750e+01
-7.873074340820312500e+01
-7.873070526123046875e+01
-7.873045349121093750e+01
-7.873065948486328125e+01
-7.873062896728515625e+01
-7.873067474365234375e+01
-7.873072814941406250e+01
-7.873084259033203125e+01
-7.873060607910156250e+01
-7.873067474365234375e+01
-7.873058319091796875e+01
-7.873062133789062500e+01
-7.873076629638671875e+01
-7.873075103759765625e+01
-7.873061370849609375e+01
-7.873060607910156250e+01
-7.873071289062500000e+01
-7.873059844970703125e+01
-7.873065948486328125e+01
-7.873056793212890625e+01
-7.873069763183593750e+01
-7.873075866699218750e+01
-7.873063659667968750e+01
-7.873067474365234375e+01
-7.873065948486328125e+01
-7.873063659667968750e+01
-7.873060607910156250e+01
-7.873064422607421875e+01
-7.873060607910156250e+01
-7.873066711425781250e+01
-7.873063659667968750e+01
-7.873065185546875000e+01
-7.873072814941406250e+01
-7.873075866699218750e+01
-7.873060607910156250e+01
-7.873071289062500000e+01
-7.873052215576171875e+01
-7.873056030273437500e+01
-7.873057556152343750e+01
-7.873065185546875000e+01
-7.873074340820312500e+01
-7.873060607910156250e+01
-7.873058319091796875e+01
-7.873066711425781250e+01
-7.873065185546875000e+01
-7.873060607910156250e+01
-7.873067474365234375e+01
-7.873072052001953125e+01
-7.873073577880859375e+01
-7.873068237304687500e+01
-7.873066711425781250e+01
-7.873075866699218750e+01
-7.873070526123046875e+01
-7.873064422607421875e+01
-7.873050689697265625e+01
-7.873062896728515625e+01
-7.873077392578125000e+01
-7.873066711425781250e+01
-7.873061370849609375e+01
-7.873055267333984375e+01
-7.873056030273437500e+01
-7.873080444335937500e+01
-7.873065948486328125e+01
-7.873063659667968750e+01
-7.873078918457031250e+01
-7.873070526123046875e+01
-7.873075866699218750e+01
-7.873067474365234375e+01
-7.873075866699218750e+01
-7.873065948486328125e+01
-7.873051452636718750e+01
-7.873064422607421875e+01
-7.873074340820312500e+01
-7.873072814941406250e+01
-7.873065948486328125e+01
-7.873075866699218750e+01
-7.873074340820312500e+01
-7.873069763183593750e+01
-7.873075103759765625e+01
-7.873085784912109375e+01
-7.873049926757812500e+01
-7.873086547851562500e+01
-7.873071289062500000e+01
-7.873064422607421875e+01
-7.873075866699218750e+01
-7.873075866699218750e+01
-7.873065185546875000e+01
-7.873064422607421875e+01
-7.873064422607421875e+01
-7.873074340820312500e+01
-7.873068237304687500e+01
-7.873081207275390625e+01
-7.873056793212890625e+01
-7.873076629638671875e+01
-7.873068237304687500e+01
-7.873056030273437500e+01
-7.873043060302734375e+01
-7.873075866699218750e+01
-7.873052978515625000e+01
-7.873091125488281250e+01
-7.873085021972656250e+01
-7.873069000244140625e+01
-7.873070526123046875e+01
-7.873064422607421875e+01
-7.873084259033203125e+01
-7.873067474365234375e+01
-7.873069000244140625e+01
-7.873088073730468750e+01
-7.873091888427734375e+01
-7.873072814941406250e+01
-7.873079681396484375e+01
-7.873065948486328125e+01
-7.873059082031250000e+01
-7.873067474365234375e+01
-7.873071289062500000e+01
-7.873078155517578125e+01
-7.873061370849609375e+01
-7.873072814941406250e+01
-7.873056030273437500e+01
-7.873083496093750000e+01
-7.873062896728515625e+01
-7.873067474365234375e+01
-7.873082733154296875e+01
-7.873075866699218750e+01
-7.873078918457031250e+01
-7.873064422607421875e+01
-7.873074340820312500e+01
-7.873076629638671875e+01
-7.873063659667968750e+01
-7.873069000244140625e+01
-7.873063659667968750e+01
-7.873069763183593750e+01
-7.873067474365234375e+01
-7.873078918457031250e+01
-7.873074340820312500e+01
-7.873072052001953125e+01
-7.873071289062500000e+01
-7.873065948486328125e+01
-7.873062133789062500e+01
-7.873058319091796875e+01
-7.873066711425781250e+01
-7.873086547851562500e+01
-7.873069763183593750e+01
-7.873062896728515625e+01
-7.873063659667968750e+01
-7.873061370849609375e+01
-7.873078155517578125e+01
-7.873073577880859375e+01
-7.873062896728515625e+01
-7.873068237304687500e+01
-7.873072052001953125e+01
-7.873071289062500000e+01
-7.873075103759765625e+01
-7.873069000244140625e+01
-7.873065948486328125e+01
-7.873051452636718750e+01
-7.873072814941406250e+01
-7.873077392578125000e+01
-7.873078155517578125e+01
-7.873054504394531250e+01
-7.873071289062500000e+01
-7.873066711425781250e+01
-7.873062133789062500e+01
-7.873072814941406250e+01
-7.873078155517578125e+01
-7.873069000244140625e+01
-7.873083496093750000e+01
-7.873065185546875000e+01
-7.873063659667968750e+01
-7.873069763183593750e+01
-7.873068237304687500e+01
-7.873075103759765625e+01
-7.873083496093750000e+01
-7.873073577880859375e+01
-7.873071289062500000e+01
-7.873056030273437500e+01
-7.873069000244140625e+01
-7.873058319091796875e+01
-7.873088836669921875e+01
-7.873083496093750000e+01
-7.873059844970703125e+01
-7.873067474365234375e+01
-7.873057556152343750e+01
-7.873081970214843750e+01
-7.873059082031250000e+01
-7.873063659667968750e+01
-7.873075103759765625e+01
-7.873078918457031250e+01
-7.873079681396484375e+01
-7.873058319091796875e+01
-7.873069763183593750e+01
-7.873076629638671875e+01
-7.873075866699218750e+01
-7.873067474365234375e+01
-7.873062896728515625e+01
-7.873073577880859375e+01
-7.873085021972656250e+01
-7.873064422607421875e+01
-7.873068237304687500e+01
-7.873068237304687500e+01
-7.873065948486328125e+01
-7.873079681396484375e+01
-7.873081207275390625e+01
-7.873069000244140625e+01
-7.873066711425781250e+01
-7.873062133789062500e+01
-7.873059844970703125e+01
-7.873082733154296875e+01
-7.873062133789062500e+01
-7.873070526123046875e+01
-7.873078918457031250e+01
-7.873068237304687500e+01
-7.873088073730468750e+01
-7.873075866699218750e+01
-7.873068237304687500e+01
-7.873073577880859375e+01
-7.873077392578125000e+01
-7.873078918457031250e+01
-7.873084259033203125e+01
-7.873075103759765625e+01
-7.873052215576171875e+01
-7.873059844970703125e+01
-7.873074340820312500e+01
-7.873065185546875000e+01
-7.873072814941406250e+01
-7.873081207275390625e+01
-7.873091888427734375e+01
-7.873062133789062500e+01
-7.873077392578125000e+01
-7.873081970214843750e+01
-7.873074340820312500e+01
-7.873064422607421875e+01
-7.873071289062500000e+01
-7.873079681396484375e+01
-7.873075866699218750e+01
-7.873062133789062500e+01
-7.873062896728515625e+01
-7.873077392578125000e+01
-7.873072814941406250e+01
-7.873062896728515625e+01
-7.873075103759765625e+01
-7.873072052001953125e+01
-7.873049163818359375e+01
-7.873077392578125000e+01
-7.873068237304687500e+01
-7.873062896728515625e+01
-7.873062896728515625e+01
-7.873061370849609375e+01
-7.873085021972656250e+01
-7.873083496093750000e+01
-7.873071289062500000e+01
-7.873066711425781250e+01
-7.873056793212890625e+01
-7.873069000244140625e+01
-7.873079681396484375e+01
-7.873059844970703125e+01
-7.873084259033203125e+01
-7.873062133789062500e+01
-7.873048400878906250e+01
-7.873071289062500000e+01
-7.873071289062500000e+01
-7.873068237304687500e+01
-7.873069763183593750e+01
-7.873075866699218750e+01
-7.873084259033203125e+01
-7.873082733154296875e+01
-7.873069000244140625e+01
-7.873069763183593750e+01
-7.873070526123046875e+01
-7.873062896728515625e+01
-7.873069000244140625e+01
-7.873050689697265625e+01
-7.873050689697265625e+01
-7.873069000244140625e+01
-7.873073577880859375e+01
-7.873065948486328125e+01
-7.873060607910156250e+01
-7.873073577880859375e+01
-7.873069000244140625e+01
-7.873057556152343750e+01
-7.873062133789062500e+01
-7.873058319091796875e+01
-7.873072814941406250e+01
-7.873040771484375000e+01
-7.873065948486328125e+01
-7.873061370849609375e+01
-7.873072052001953125e+01
-7.873081970214843750e+01
-7.873072052001953125e+01
-7.873043823242187500e+01
-7.873059082031250000e+01
-7.873086547851562500e+01
-7.873062896728515625e+01
-7.873069000244140625e+01
-7.873062133789062500e+01
-7.873069763183593750e+01
-7.873068237304687500e+01
-7.873064422607421875e+01
-7.873062133789062500e+01
-7.873073577880859375e+01
-7.873054504394531250e+01
-7.873088073730468750e+01
-7.873078918457031250e+01
-7.873075866699218750e+01
-7.873065185546875000e+01
-7.873074340820312500e+01
-7.873065185546875000e+01
-7.873078155517578125e+01
-7.873069000244140625e+01
-7.873071289062500000e+01
-7.873065185546875000e+01
-7.873049163818359375e+01
-7.873074340820312500e+01
-7.873057556152343750e+01
-7.873075103759765625e+01
-7.873058319091796875e+01
-7.873091888427734375e+01
-7.873072814941406250e+01
-7.873065185546875000e+01
-7.873075103759765625e+01
-7.873081207275390625e+01
-7.873067474365234375e+01
-7.873064422607421875e+01
-7.873057556152343750e+01
-7.873051452636718750e+01
-7.873065185546875000e+01
-7.873062896728515625e+01
-7.873080444335937500e+01
-7.873060607910156250e+01
-7.873066711425781250e+01
-7.873077392578125000e+01
-7.873075103759765625e+01
-7.873075103759765625e+01
-7.873062133789062500e+01
-7.873061370849609375e+01
-7.873076629638671875e+01
-7.873064422607421875e+01
-7.873062133789062500e+01
-7.873067474365234375e+01
-7.873068237304687500e+01
-7.873075866699218750e+01
-7.873073577880859375e+01
-7.873067474365234375e+01
-7.873072052001953125e+01
-7.873069000244140625e+01
-7.873065948486328125e+01
-7.873068237304687500e+01
-7.873068237304687500e+01
-7.873068237304687500e+01
-7.873072052001953125e+01
-7.873075866699218750e+01
-7.873069000244140625e+01
-7.873059844970703125e+01
-7.873081970214843750e+01
-7.873070526123046875e+01
-7.873072052001953125e+01
-7.873074340820312500e+01
-7.873074340820312500e+01
-7.873082733154296875e+01
-7.873069000244140625e+01
-7.873061370849609375e+01
-7.873078155517578125e+01
-7.873069763183593750e+01
-7.873062896728515625e+01
-7.873068237304687500e+01
-7.873080444335937500e+01
-7.873071289062500000e+01
-7.873071289062500000e+01
-7.873075103759765625e+01
-7.873062133789062500e+01
-7.873076629638671875e+01
-7.873069000244140625e+01
-7.873065948486328125e+01
-7.873062896728515625e+01
-7.873068237304687500e+01
-7.873077392578125000e+01
-7.873069763183593750e+01
-7.873071289062500000e+01
-7.873072052001953125e+01
-7.873076629638671875e+01
-7.873060607910156250e+01
-7.873079681396484375e+01
-7.873073577880859375e+01
-7.873074340820312500e+01
-7.873078155517578125e+01
-7.873075866699218750e+01
-7.873069000244140625e+01
-7.873072814941406250e+01
-7.873072814941406250e+01
