-2.066498756408691406e+01
-5.139536285400390625e+01
-5.653468322753906250e+01
-5.176490783691406250e+01
-5.223760986328125000e+01
-5.536373138427734375e+01
-5.727832412719726562e+01
-6.153965759277343750e+01
-6.108412933349609375e+01
-6.780380249023437500e+01
-6.478652191162109375e+01
-7.013729858398437500e+01
-7.028280639648437500e+01
-6.838236999511718750e+01
-7.137577819824218750e+01
-7.504257965087890625e+01
-7.506562805175781250e+01
-7.567353057861328125e+01
-7.440203857421875000e+01
-7.486683654785156250e+01
-7.476277923583984375e+01
-7.568174743652343750e+01
-7.623770141601562500e+01
-7.668566131591796875e+01
-7.710440826416015625e+01
-7.698836517333984375e+01
-7.711683654785156250e+01
-7.703070831298828125e+01
-7.705895996093750000e+01
-7.756608581542968750e+01
-7.786363220214843750e+01
-7.804917144775390625e+01
-7.811669921875000000e+01
-7.801692962646484375e+01
-7.796125030517578125e+01
-7.792311096191406250e+01
-7.806622314453125000e+01
-7.829462432861328125e+01
-7.838957977294921875e+01
-7.845828247070312500e+01
-7.849604034423828125e+01
-7.846711730957031250e+01
-7.850399780273437500e+01
-7.848665618896484375e+01
-7.854246520996093750e+01
-7.850470733642578125e+01
-7.850854492187500000e+01
-7.855728149414062500e+01
-7.855426788330078125e+01
-7.860504913330078125e+01
-7.860221099853515625e+01
-7.862152099609375000e+01
-7.861626434326171875e+01
-7.861730194091796875e+01
-7.862438201904296875e+01
-7.863653564453125000e+01
-7.864763641357421875e+01
-7.864363861083984375e+01
-7.866290283203125000e+01
-7.867157745361328125e+01
-7.867111206054687500e+01
-7.867318725585937500e+01
-7.867825317382812500e+01
-7.868399810791015625e+01
-7.868108367919921875e+01
-7.868973541259765625e+01
-7.868639373779296875e+01
-7.868486785888671875e+01
-7.869193267822265625e+01
-7.869315338134765625e+01
-7.869651031494140625e+01
-7.869827270507812500e+01
-7.870109558105468750e+01
-7.869818878173828125e+01
-7.869950866699218750e+01
-7.870000457763671875e+01
-7.870126342773437500e+01
-7.870075988769531250e+01
-7.870152282714843750e+01
-7.870335388183593750e+01
-7.870315551757812500e+01
-7.870558929443359375e+01
-7.870490264892578125e+01
-7.870463562011718750e+01
-7.870468139648437500e+01
-7.870578002929687500e+01
-7.870538330078125000e+01
-7.870576477050781250e+01
-7.870641326904296875e+01
-7.870591735839843750e+01
-7.870646667480468750e+01
-7.870652770996093750e+01
-7.870674896240234375e+01
-7.870680236816406250e+01
-7.870718383789062500e+01
-7.870706176757812500e+01
-7.870719909667968750e+01
-7.870722198486328125e+01
-7.870751190185546875e+01
-7.870737457275390625e+01
-7.870744323730468750e+01
-7.870759582519531250e+01
-7.870774841308593750e+01
-7.870768737792968750e+01
-7.870767974853515625e+01
-7.870767211914062500e+01
-7.870777130126953125e+01
-7.870793151855468750e+01
-7.870781707763671875e+01
-7.870787048339843750e+01
-7.870804595947265625e+01
-7.870810699462890625e+01
-7.870797729492187500e+01
-7.870805358886718750e+01
-7.870806884765625000e+01
-7.870796203613281250e+01
-7.870787048339843750e+01
-7.870803833007812500e+01
-7.870803833007812500e+01
-7.870804595947265625e+01
-7.870816802978515625e+01
-7.870816802978515625e+01
-7.870812988281250000e+01
-7.870807647705078125e+01
-7.870806884765625000e+01
-7.870796203613281250e+01
-7.870801544189453125e+01
-7.870806121826171875e+01
-7.870804595947265625e+01
-7.870815277099609375e+01
-7.870799255371093750e+01
-7.870830535888671875e+01
-7.870804595947265625e+01
-7.870813751220703125e+01
-7.870818328857421875e+01
-7.870809173583984375e+01
-7.870815277099609375e+01
-7.870820617675781250e+01
-7.870807647705078125e+01
-7.870803833007812500e+01
-7.870817565917968750e+01
-7.870819091796875000e+01
-7.870821380615234375e+01
-7.870816040039062500e+01
-7.870814514160156250e+01
-7.870812988281250000e+01
-7.870816040039062500e+01
-7.870825195312500000e+01
-7.870811462402343750e+01
-7.870821380615234375e+01
-7.870825195312500000e+01
-7.870812225341796875e+01
-7.870809936523437500e+01
-7.870818328857421875e+01
-7.870811462402343750e+01
-7.870803833007812500e+01
-7.870804595947265625e+01
-7.870821380615234375e+01
-7.870812225341796875e+01
-7.870825195312500000e+01
-7.870821380615234375e+01
-7.870821380615234375e+01
-7.870812988281250000e+01
-7.870804595947265625e+01
-7.870816802978515625e+01
-7.870834350585937500e+01
-7.870818328857421875e+01
-7.870803070068359375e+01
-7.870809173583984375e+01
-7.870827484130859375e+01
-7.870815277099609375e+01
-7.870815277099609375e+01
-7.870819854736328125e+01
-7.870815277099609375e+01
-7.870818328857421875e+01
-7.870804595947265625e+01
-7.870813751220703125e+01
-7.870819854736328125e+01
-7.870816040039062500e+01
-7.870820617675781250e+01
-7.870818328857421875e+01
-7.870825958251953125e+01
-7.870816040039062500e+01
-7.870820617675781250e+01
-7.870816040039062500e+01
-7.870815277099609375e+01
-7.870821380615234375e+01
-7.870818328857421875e+01
-7.870817565917968750e+01
-7.870825195312500000e+01
-7.870813751220703125e+01
-7.870812225341796875e+01
-7.870813751220703125e+01
-7.870809173583984375e+01
-7.870817565917968750e+01
-7.870817565917968750e+01
-7.870818328857421875e+01
-7.870822906494140625e+01
-7.870819854736328125e+01
-7.870811462402343750e+01
-7.870819854736328125e+01
-7.870818328857421875e+01
-7.870804595947265625e+01
-7.870809173583984375e+01
-7.870827484130859375e+01
-7.870804595947265625e+01
-7.870821380615234375e+01
-7.870817565917968750e+01
-7.870818328857421875e+01
-7.870833587646484375e+01
-7.870808410644531250e+01
-7.870815277099609375e+01
-7.870816040039062500e+01
-7.870819854736328125e+01
-7.870809936523437500e+01
-7.870811462402343750e+01
-7.870800781250000000e+01
-7.870822906494140625e+01
-7.870806884765625000e+01
-7.870821380615234375e+01
-7.870808410644531250e+01
-7.870816040039062500e+01
-7.870809173583984375e+01
-7.870812988281250000e+01
-7.870819854736328125e+01
-7.870815277099609375e+01
-7.870826721191406250e+01
-7.870825195312500000e+01
-7.870816040039062500e+01
-7.870818328857421875e+01
-7.870819854736328125e+01
-7.870800781250000000e+01
-7.870814514160156250e+01
-7.870810699462890625e+01
-7.870806884765625000e+01
-7.870816040039062500e+01
-7.870813751220703125e+01
-7.870811462402343750e+01
-7.870815277099609375e+01
-7.870816040039062500e+01
-7.870824432373046875e+01
-7.870813751220703125e+01
-7.870808410644531250e+01
-7.870804595947265625e+01
-7.870796203613281250e+01
-7.870799255371093750e+01
-7.870786285400390625e+01
-7.870774078369140625e+01
-7.870751190185546875e+01
-7.870715332031250000e+01
-7.870679473876953125e+01
-7.870626068115234375e+01
-7.870564270019531250e+01
-7.870464324951171875e+01
-7.870332336425781250e+01
-7.870188903808593750e+01
-7.869996643066406250e+01
-7.869794464111328125e+01
-7.869601440429687500e+01
-7.869457244873046875e+01
-7.869439697265625000e+01
-7.869556427001953125e+01
-7.869856262207031250e+01
-7.870209503173828125e+01
-7.870555877685546875e+01
-7.870782470703125000e+01
-7.870811462402343750e+01
-7.870689392089843750e+01
-7.870526123046875000e+01
-7.870448303222656250e+01
-7.870477294921875000e+01
-7.870602416992187500e+01
-7.870738983154296875e+01
-7.870817565917968750e+01
-7.870788574218750000e+01
-7.870715332031250000e+01
-7.870669555664062500e+01
-7.870668029785156250e+01
-7.870731353759765625e+01
-7.870797729492187500e+01
-7.870832824707031250e+01
-7.870798492431640625e+01
-7.870764160156250000e+01
-7.870738220214843750e+01
-7.870754241943359375e+01
-7.870799255371093750e+01
-7.870822906494140625e+01
-7.870806884765625000e+01
-7.870802307128906250e+01
-7.870787048339843750e+01
-7.870793151855468750e+01
-7.870799255371093750e+01
-7.870819854736328125e+01
-7.870810699462890625e+01
-7.870796966552734375e+01
-7.870802307128906250e+01
-7.870794677734375000e+01
-7.870808410644531250e+01
-7.870814514160156250e+01
-7.870820617675781250e+01
-7.870810699462890625e+01
-7.870802307128906250e+01
-7.870806121826171875e+01
-7.870809936523437500e+01
-7.870817565917968750e+01
-7.870814514160156250e+01
-7.870816040039062500e+01
-7.870814514160156250e+01
-7.870813751220703125e+01
-7.870823669433593750e+01
-7.870813751220703125e+01
-7.870821380615234375e+01
-7.870816040039062500e+01
-7.870813751220703125e+01
-7.870817565917968750e+01
-7.870816802978515625e+01
-7.870824432373046875e+01
-7.870817565917968750e+01
-7.870820617675781250e+01
-7.870820617675781250e+01
-7.870827484130859375e+01
-7.870814514160156250e+01
-7.870811462402343750e+01
-7.870815277099609375e+01
-7.870825958251953125e+01
-7.870809173583984375e+01
-7.870825958251953125e+01
-7.870815277099609375e+01
-7.870820617675781250e+01
-7.870807647705078125e+01
-7.870819854736328125e+01
-7.870822143554687500e+01
-7.870812225341796875e+01
-7.870828247070312500e+01
-7.870808410644531250e+01
-7.870821380615234375e+01
-7.870821380615234375e+01
-7.870821380615234375e+01
-7.870827484130859375e+01
-7.870822143554687500e+01
-7.870819854736328125e+01
-7.870821380615234375e+01
-7.870810699462890625e+01
-7.870827484130859375e+01
-7.870830535888671875e+01
-7.870812225341796875e+01
-7.870820617675781250e+01
-7.870816040039062500e+01
-7.870822143554687500e+01
-7.870826721191406250e+01
-7.870817565917968750e+01
-7.870818328857421875e+01
-7.870817565917968750e+01
-7.870823669433593750e+01
-7.870819854736328125e+01
-7.870811462402343750e+01
-7.870826721191406250e+01
-7.870812988281250000e+01
-7.870809173583984375e+01
-7.870822143554687500e+01
-7.870825195312500000e+01
-7.870823669433593750e+01
-7.870820617675781250e+01
-7.870812225341796875e+01
-7.870821380615234375e+01
-7.870827484130859375e+01
-7.870808410644531250e+01
-7.870818328857421875e+01
-7.870832824707031250e+01
-7.870817565917968750e+01
-7.870823669433593750e+01
-7.870827484130859375e+01
-7.870827484130859375e+01
-7.870825195312500000e+01
-7.870808410644531250e+01
-7.870811462402343750e+01
-7.870820617675781250e+01
-7.870824432373046875e+01
-7.870817565917968750e+01
-7.870829772949218750e+01
-7.870815277099609375e+01
-7.870822143554687500e+01
-7.870820617675781250e+01
-7.870818328857421875e+01
-7.870822906494140625e+01
-7.870825958251953125e+01
-7.870819854736328125e+01
-7.870810699462890625e+01
-7.870807647705078125e+01
-7.870811462402343750e+01
-7.870813751220703125e+01
-7.870819854736328125e+01
-7.870822906494140625e+01
-7.870820617675781250e+01
-7.870820617675781250e+01
-7.870825958251953125e+01
-7.870825958251953125e+01
-7.870818328857421875e+01
-7.870819854736328125e+01
-7.870818328857421875e+01
-7.870819091796875000e+01
-7.870803833007812500e+01
-7.870824432373046875e+01
-7.870817565917968750e+01
-7.870823669433593750e+01
-7.870823669433593750e+01
-7.870819854736328125e+01
-7.870821380615234375e+01
-7.870816040039062500e+01
-7.870812988281250000e+01
-7.870812988281250000e+01
-7.870809936523437500e+01
-7.870814514160156250e+01
-7.870816802978515625e+01
-7.870802307128906250e+01
-7.870817565917968750e+01
-7.870830535888671875e+01
-7.870806884765625000e+01
-7.870812225341796875e+01
-7.870820617675781250e+01
-7.870817565917968750e+01
-7.870810699462890625e+01
-7.870815277099609375e+01
-7.870821380615234375e+01
-7.870818328857421875e+01
-7.870827484130859375e+01
-7.870824432373046875e+01
-7.870818328857421875e+01
-7.870816040039062500e+01
-7.870816040039062500e+01
-7.870819091796875000e+01
-7.870819854736328125e+01
-7.870828247070312500e+01
-7.870825958251953125e+01
-7.870817565917968750e+01
-7.870822906494140625e+01
-7.870812225341796875e+01
-7.870821380615234375e+01
-7.870823669433593750e+01
-7.870812988281250000e+01
-7.870816802978515625e+01
-7.870819854736328125e+01
-7.870822906494140625e+01
-7.870825195312500000e+01
-7.870824432373046875e+01
-7.870817565917968750e+01
-7.870829010009765625e+01
-7.870817565917968750e+01
-7.870818328857421875e+01
-7.870816802978515625e+01
-7.870803070068359375e+01
-7.870816802978515625e+01
-7.870817565917968750e+01
-7.870818328857421875e+01
-7.870816040039062500e+01
-7.870822143554687500e+01
-7.870819854736328125e+01
-7.870821380615234375e+01
-7.870816802978515625e+01
-7.870816802978515625e+01
-7.870819854736328125e+01
-7.870829010009765625e+01
-7.870826721191406250e+01
-7.870828247070312500e+01
-7.870828247070312500e+01
-7.870818328857421875e+01
-7.870818328857421875e+01
-7.870821380615234375e+01
-7.870818328857421875e+01
-7.870827484130859375e+01
-7.870821380615234375e+01
-7.870825195312500000e+01
-7.870821380615234375e+01
-7.870821380615234375e+01
-7.870819854736328125e+01
-7.870829772949218750e+01
-7.870824432373046875e+01
-7.870815277099609375e+01
-7.870826721191406250e+01
-7.870821380615234375e+01
-7.870836639404296875e+01
-7.870819854736328125e+01
-7.870828247070312500e+01
-7.870825958251953125e+01
-7.870821380615234375e+01
-7.870829010009765625e+01
-7.870824432373046875e+01
-7.870822143554687500e+01
-7.870829772949218750e+01
-7.870819091796875000e+01
-7.870828247070312500e+01
-7.870829772949218750e+01
-7.870818328857421875e+01
-7.870812225341796875e+01
-7.870822906494140625e+01
-7.870813751220703125e+01
-7.870828247070312500e+01
-7.870823669433593750e+01
-7.870812988281250000e+01
-7.870827484130859375e+01
-7.870815277099609375e+01
-7.870811462402343750e+01
-7.870812988281250000e+01
-7.870813751220703125e+01
-7.870821380615234375e+01
-7.870818328857421875e+01
-7.870826721191406250e+01
-7.870825958251953125e+01
-7.870816040039062500e+01
-7.870828247070312500e+01
-7.870819854736328125e+01
-7.870813751220703125e+01
-7.870818328857421875e+01
-7.870825195312500000e+01
-7.870831298828125000e+01
-7.870821380615234375e+01
-7.870818328857421875e+01
-7.870812988281250000e+01
-7.870825195312500000e+01
-7.870822906494140625e+01
-7.870828247070312500e+01
-7.870822906494140625e+01
-7.870832824707031250e+01
-7.870817565917968750e+01
-7.870812225341796875e+01
-7.870822906494140625e+01
-7.870812225341796875e+01
-7.870828247070312500e+01
-7.870819091796875000e+01
-7.870808410644531250e+01
-7.870826721191406250e+01
-7.870819854736328125e+01
-7.870823669433593750e+01
-7.870818328857421875e+01
-7.870829010009765625e+01
-7.870829010009765625e+01
-7.870829010009765625e+01
-7.870823669433593750e+01
-7.870817565917968750e+01
-7.870829010009765625e+01
-7.870819854736328125e+01
-7.870822906494140625e+01
-7.870819854736328125e+01
-7.870824432373046875e+01
-7.870815277099609375e+01
-7.870821380615234375e+01
-7.870832824707031250e+01
-7.870828247070312500e+01
-7.870826721191406250e+01
-7.870822143554687500e+01
-7.870812225341796875e+01
-7.870821380615234375e+01
-7.870819091796875000e+01
-7.870819854736328125e+01
-7.870815277099609375e+01
-7.870822906494140625e+01
-7.870819091796875000e+01
-7.870816802978515625e+01
-7.870818328857421875e+01
-7.870821380615234375e+01
-7.870829772949218750e+01
-7.870825958251953125e+01
-7.870813751220703125e+01
-7.870822143554687500e+01
-7.870819091796875000e+01
-7.870828247070312500e+01
-7.870821380615234375e+01
-7.870832061767578125e+01
-7.870821380615234375e+01
-7.870835113525390625e+01
-7.870816802978515625e+01
-7.870819091796875000e+01
-7.870808410644531250e+01
-7.870816040039062500e+01
-7.870827484130859375e+01
-7.870805358886718750e+01
-7.870819091796875000e+01
-7.870822906494140625e+01
-7.870824432373046875e+01
-7.870815277099609375e+01
-7.870831298828125000e+01
-7.870819854736328125e+01
-7.870816802978515625e+01
-7.870823669433593750e+01
-7.870813751220703125e+01
-7.870828247070312500e+01
-7.870812988281250000e+01
-7.870826721191406250e+01
-7.870820617675781250e+01
-7.870827484130859375e+01
-7.870826721191406250e+01
-7.870825195312500000e+01
-7.870824432373046875e+01
-7.870820617675781250e+01
-7.870821380615234375e+01
-7.870816040039062500e+01
-7.870816802978515625e+01
-7.870822906494140625e+01
-7.870812225341796875e+01
-7.870824432373046875e+01
-7.870819091796875000e+01
-7.870829772949218750e+01
-7.870826721191406250e+01
-7.870829010009765625e+01
-7.870822906494140625e+01
-7.870825195312500000e+01
-7.870819854736328125e+01
-7.870822143554687500e+01
-7.870819091796875000e+01
-7.870817565917968750e+01
-7.870811462402343750e+01
-7.870819091796875000e+01
-7.870820617675781250e+01
-7.870825958251953125e+01
-7.870822143554687500e+01
-7.870824432373046875e+01
-7.870821380615234375e+01
-7.870812988281250000e+01
-7.870825195312500000e+01
-7.870813751220703125e+01
-7.870832061767578125e+01
-7.870825958251953125e+01
-7.870815277099609375e+01
-7.870825958251953125e+01
-7.870829772949218750e+01
-7.870821380615234375e+01
-7.870827484130859375e+01
-7.870818328857421875e+01
-7.870815277099609375e+01
-7.870820617675781250e+01
-7.870809173583984375e+01
-7.870813751220703125e+01
-7.870817565917968750e+01
-7.870812225341796875e+01
-7.870821380615234375e+01
-7.870826721191406250e+01
-7.870835876464843750e+01
-7.870822143554687500e+01
-7.870817565917968750e+01
-7.870816040039062500e+01
-7.870832824707031250e+01
-7.870809173583984375e+01
-7.870818328857421875e+01
-7.870819091796875000e+01
-7.870821380615234375e+01
-7.870824432373046875e+01
-7.870824432373046875e+01
-7.870819854736328125e+01
-7.870825195312500000e+01
-7.870820617675781250e+01
-7.870814514160156250e+01
-7.870816040039062500e+01
-7.870824432373046875e+01
-7.870820617675781250e+01
-7.870820617675781250e+01
-7.870819091796875000e+01
-7.870824432373046875e+01
-7.870822143554687500e+01
-7.870817565917968750e+01
-7.870824432373046875e+01
-7.870819854736328125e+01
-7.870822143554687500e+01
-7.870819854736328125e+01
-7.870819854736328125e+01
-7.870820617675781250e+01
-7.870823669433593750e+01
-7.870822906494140625e+01
-7.870816802978515625e+01
-7.870813751220703125e+01
-7.870815277099609375e+01
-7.870821380615234375e+01
-7.870819091796875000e+01
-7.870817565917968750e+01
-7.870833587646484375e+01
-7.870813751220703125e+01
-7.870821380615234375e+01
-7.870826721191406250e+01
-7.870825195312500000e+01
-7.870822906494140625e+01
-7.870835113525390625e+01
-7.870816802978515625e+01
-7.870810699462890625e+01
-7.870822906494140625e+01
-7.870823669433593750e+01
-7.870823669433593750e+01
-7.870824432373046875e+01
-7.870826721191406250e+01
-7.870821380615234375e+01
-7.870829010009765625e+01
-7.870826721191406250e+01
-7.870821380615234375e+01
-7.870822906494140625e+01
-7.870824432373046875e+01
-7.870819854736328125e+01
-7.870829010009765625e+01
-7.870819854736328125e+01
-7.870816040039062500e+01
-7.870831298828125000e+01
-7.870819091796875000e+01
-7.870825195312500000e+01
-7.870829010009765625e+01
-7.870822906494140625e+01
-7.870822906494140625e+01
-7.870819091796875000e+01
-7.870823669433593750e+01
-7.870821380615234375e+01
-7.870817565917968750e+01
-7.870819854736328125e+01
-7.870829772949218750e+01
-7.870827484130859375e+01
-7.870816802978515625e+01
-7.870819091796875000e+01
-7.870832061767578125e+01
-7.870826721191406250e+01
-7.870819091796875000e+01
-7.870822906494140625e+01
-7.870812225341796875e+01
-7.870819091796875000e+01
-7.870813751220703125e+01
-7.870829010009765625e+01
-7.870821380615234375e+01
-7.870809936523437500e+01
-7.870823669433593750e+01
-7.870833587646484375e+01
-7.870826721191406250e+01
-7.870803833007812500e+01
-7.870826721191406250e+01
-7.870816802978515625e+01
-7.870820617675781250e+01
-7.870821380615234375e+01
-7.870819854736328125e+01
-7.870819091796875000e+01
-7.870832824707031250e+01
-7.870822143554687500e+01
-7.870814514160156250e+01
-7.870824432373046875e+01
-7.870826721191406250e+01
-7.870822906494140625e+01
-7.870814514160156250e+01
-7.870812225341796875e+01
-7.870816040039062500e+01
-7.870825195312500000e+01
-7.870811462402343750e+01
-7.870811462402343750e+01
-7.870822906494140625e+01
-7.870829010009765625e+01
-7.870816802978515625e+01
-7.870812988281250000e+01
-7.870823669433593750e+01
-7.870821380615234375e+01
-7.870816802978515625e+01
-7.870828247070312500e+01
-7.870816802978515625e+01
-7.870819854736328125e+01
-7.870821380615234375e+01
-7.870824432373046875e+01
-7.870829772949218750e+01
-7.870819854736328125e+01
-7.870817565917968750e+01
-7.870822143554687500e+01
-7.870833587646484375e+01
-7.870828247070312500e+01
-7.870826721191406250e+01
-7.870835113525390625e+01
-7.870827484130859375e+01
-7.870819854736328125e+01
-7.870822143554687500e+01
-7.870819854736328125e+01
-7.870830535888671875e+01
-7.870822143554687500e+01
-7.870822906494140625e+01
-7.870830535888671875e+01
-7.870825195312500000e+01
-7.870812225341796875e+01
-7.870824432373046875e+01
-7.870820617675781250e+01
-7.870816802978515625e+01
-7.870820617675781250e+01
-7.870825958251953125e+01
-7.870822906494140625e+01
-7.870821380615234375e+01
-7.870825958251953125e+01
-7.870825195312500000e+01
-7.870831298828125000e+01
-7.870817565917968750e+01
-7.870826721191406250e+01
-7.870828247070312500e+01
-7.870818328857421875e+01
-7.870815277099609375e+01
-7.870820617675781250e+01
-7.870820617675781250e+01
-7.870819854736328125e+01
-7.870822143554687500e+01
-7.870816040039062500e+01
-7.870819854736328125e+01
-7.870824432373046875e+01
-7.870827484130859375e+01
-7.870828247070312500e+01
-7.870822143554687500e+01
-7.870812988281250000e+01
-7.870825958251953125e+01
-7.870816040039062500e+01
-7.870821380615234375e+01
-7.870806884765625000e+01
-7.870827484130859375e+01
-7.870820617675781250e+01
-7.870823669433593750e+01
-7.870817565917968750e+01
-7.870811462402343750e+01
-7.870812988281250000e+01
-7.870830535888671875e+01
-7.870827484130859375e+01
-7.870822906494140625e+01
-7.870819854736328125e+01
-7.870821380615234375e+01
-7.870829010009765625e+01
-7.870819091796875000e+01
-7.870814514160156250e+01
-7.870812988281250000e+01
-7.870821380615234375e+01
-7.870822906494140625e+01
-7.870817565917968750e+01
-7.870813751220703125e+01
-7.870817565917968750e+01
-7.870820617675781250e+01
-7.870817565917968750e+01
-7.870812988281250000e+01
-7.870819854736328125e+01
-7.870811462402343750e+01
-7.870816802978515625e+01
-7.870822906494140625e+01
-7.870824432373046875e+01
-7.870825958251953125e+01
-7.870832824707031250e+01
-7.870832061767578125e+01
-7.870826721191406250e+01
-7.870814514160156250e+01
-7.870822143554687500e+01
-7.870835876464843750e+01
-7.870833587646484375e+01
-7.870825195312500000e+01
-7.870819091796875000e+01
-7.870822143554687500e+01
-7.870822906494140625e+01
-7.870823669433593750e+01
-7.870819091796875000e+01
-7.870817565917968750e+01
-7.870823669433593750e+01
-7.870824432373046875e+01
-7.870820617675781250e+01
-7.870821380615234375e+01
-7.870822906494140625e+01
-7.870828247070312500e+01
-7.870826721191406250e+01
-7.870826721191406250e+01
-7.870819854736328125e+01
-7.870829772949218750e+01
-7.870819854736328125e+01
-7.870810699462890625e+01
-7.870829010009765625e+01
-7.870820617675781250e+01
-7.870834350585937500e+01
-7.870833587646484375e+01
-7.870827484130859375e+01
-7.870828247070312500e+01
-7.870816802978515625e+01
-7.870821380615234375e+01
-7.870813751220703125e+01
-7.870807647705078125e+01
-7.870825195312500000e+01
-7.870831298828125000e+01
-7.870816802978515625e+01
-7.870825195312500000e+01
-7.870823669433593750e+01
-7.870829772949218750e+01
-7.870822906494140625e+01
-7.870818328857421875e+01
-7.870822906494140625e+01
-7.870819854736328125e+01
-7.870816802978515625e+01
-7.870830535888671875e+01
-7.870811462402343750e+01
-7.870819854736328125e+01
-7.870817565917968750e+01
-7.870829010009765625e+01
-7.870812988281250000e+01
-7.870827484130859375e+01
-7.870818328857421875e+01
-7.870816040039062500e+01
-7.870823669433593750e+01
-7.870821380615234375e+01
-7.870817565917968750e+01
-7.870825195312500000e+01
-7.870817565917968750e+01
-7.870829772949218750e+01
-7.870829772949218750e+01
-7.870820617675781250e+01
-7.870822143554687500e+01
-7.870810699462890625e+01
-7.870825958251953125e+01
-7.870832061767578125e+01
-7.870823669433593750e+01
-7.870829010009765625e+01
-7.870826721191406250e+01
-7.870818328857421875e+01
-7.870821380615234375e+01
-7.870810699462890625e+01
-7.870817565917968750e+01
-7.870820617675781250e+01
-7.870812988281250000e+01
-7.870823669433593750e+01
-7.870815277099609375e+01
-7.870823669433593750e+01
-7.870819091796875000e+01
-7.870824432373046875e+01
-7.870831298828125000e+01
-7.870830535888671875e+01
-7.870832061767578125e+01
-7.870822143554687500e+01
-7.870820617675781250e+01
-7.870821380615234375e+01
-7.870824432373046875e+01
-7.870835876464843750e+01
-7.870819854736328125e+01
-7.870817565917968750e+01
-7.870820617675781250e+01
-7.870831298828125000e+01
-7.870820617675781250e+01
-7.870821380615234375e+01
-7.870821380615234375e+01
-7.870817565917968750e+01
-7.870816040039062500e+01
-7.870812988281250000e+01
-7.870825958251953125e+01
-7.870822906494140625e+01
-7.870821380615234375e+01
-7.870814514160156250e+01
-7.870819091796875000e+01
-7.870826721191406250e+01
-7.870831298828125000e+01
-7.870817565917968750e+01
-7.870814514160156250e+01
-7.870824432373046875e+01
-7.870825195312500000e+01
-7.870818328857421875e+01
-7.870826721191406250e+01
-7.870827484130859375e+01
-7.870822906494140625e+01
-7.870821380615234375e+01
-7.870823669433593750e+01
-7.870828247070312500e+01
-7.870825958251953125e+01
-7.870815277099609375e+01
-7.870826721191406250e+01
-7.870821380615234375e+01
-7.870811462402343750e+01
-7.870818328857421875e+01
-7.870825958251953125e+01
-7.870825195312500000e+01
-7.870816802978515625e+01
-7.870819091796875000e+01
-7.870824432373046875e+01
-7.870824432373046875e+01
-7.870813751220703125e+01
-7.870826721191406250e+01
-7.870815277099609375e+01
-7.870814514160156250e+01
-7.870819091796875000e+01
-7.870822143554687500e+01
-7.870832061767578125e+01
-7.870815277099609375e+01
-7.870823669433593750e+01
-7.870812988281250000e+01
-7.870830535888671875e+01
-7.870810699462890625e+01
-7.870824432373046875e+01
-7.870825195312500000e+01
-7.870827484130859375e+01
-7.870824432373046875e+01
-7.870825195312500000e+01
-7.870825958251953125e+01
-7.870819091796875000e+01
-7.870818328857421875e+01
-7.870819091796875000e+01
-7.870824432373046875e+01
-7.870819091796875000e+01
-7.870832824707031250e+01
-7.870829772949218750e+01
-7.870831298828125000e+01
-7.870810699462890625e+01
-7.870821380615234375e+01
-7.870817565917968750e+01
-7.870825195312500000e+01
-7.870826721191406250e+01
-7.870825958251953125e+01
-7.870813751220703125e+01
-7.870829772949218750e+01
-7.870819854736328125e+01
-7.870818328857421875e+01
-7.870832061767578125e+01
-7.870820617675781250e+01
-7.870831298828125000e+01
-7.870822143554687500e+01
-7.870826721191406250e+01
-7.870822906494140625e+01
-7.870824432373046875e+01
-7.870836639404296875e+01
-7.870822906494140625e+01
-7.870818328857421875e+01
-7.870822906494140625e+01
-7.870817565917968750e+01
-7.870828247070312500e+01
-7.870830535888671875e+01
-7.870835113525390625e+01
-7.870828247070312500e+01
-7.870829010009765625e+01
-7.870832061767578125e+01
-7.870822906494140625e+01
-7.870835113525390625e+01
-7.870822143554687500e+01
-7.870835876464843750e+01
-7.870821380615234375e+01
-7.870821380615234375e+01
-7.870811462402343750e+01
-7.870819854736328125e+01
-7.870816040039062500e+01
-7.870821380615234375e+01
-7.870821380615234375e+01
-7.870818328857421875e+01
-7.870818328857421875e+01
-7.870814514160156250e+01
-7.870828247070312500e+01
-7.870812225341796875e+01
-7.870829010009765625e+01
-7.870818328857421875e+01
-7.870815277099609375e+01
-7.870823669433593750e+01
-7.870828247070312500e+01
-7.870816802978515625e+01
-7.870818328857421875e+01
-7.870818328857421875e+01
-7.870825958251953125e+01
-7.870824432373046875e+01
-7.870825958251953125e+01
-7.870832061767578125e+01
-7.870831298828125000e+01
-7.870810699462890625e+01
-7.870824432373046875e+01
-7.870819854736328125e+01
-7.870819091796875000e+01
-7.870812988281250000e+01
-7.870819091796875000e+01
-7.870816802978515625e+01
-7.870822143554687500e+01
-7.870816802978515625e+01
-7.870820617675781250e+01
-7.870810699462890625e+01
-7.870815277099609375e+01
-7.870829772949218750e+01
-7.870812225341796875e+01
-7.870825958251953125e+01
-7.870821380615234375e+01
-7.870822906494140625e+01
-7.870829010009765625e+01
-7.870826721191406250e+01
-7.870818328857421875e+01
-7.870822906494140625e+01
-7.870824432373046875e+01
-7.870825195312500000e+01
-7.870816802978515625e+01
-7.870822143554687500e+01
-7.870829772949218750e+01
-7.870815277099609375e+01
-7.870822143554687500e+01
-7.870819854736328125e+01
-7.870819854736328125e+01
-7.870816802978515625e+01
-7.870819091796875000e+01
-7.870809173583984375e+01
-7.870816802978515625e+01
-7.870830535888671875e+01
-7.870816040039062500e+01
-7.870822143554687500e+01
-7.870820617675781250e+01
-7.870816802978515625e+01
-7.870819091796875000e+01
-7.870826721191406250e+01
-7.870825195312500000e+01
-7.870816802978515625e+01
-7.870822906494140625e+01
-7.870825958251953125e+01
-7.870824432373046875e+01
-7.870824432373046875e+01
-7.870829772949218750e+01
-7.870826721191406250e+01
-7.870831298828125000e+01
-7.870827484130859375e+01
-7.870819091796875000e+01
-7.870825195312500000e+01
-7.870831298828125000e+01
-7.870824432373046875e+01
-7.870816040039062500e+01
-7.870824432373046875e+01
-7.870824432373046875e+01
-7.870815277099609375e+01
-7.870829010009765625e+01
-7.870801544189453125e+01
-7.870825195312500000e+01
-7.870825195312500000e+01
-7.870823669433593750e+01
-7.870814514160156250e+01
-7.870809173583984375e+01
-7.870816040039062500e+01
-7.870820617675781250e+01
-7.870819854736328125e+01
-7.870810699462890625e+01
-7.870825958251953125e+01
-7.870821380615234375e+01
-7.870827484130859375e+01
-7.870822906494140625e+01
-7.870812225341796875e+01
-7.870821380615234375e+01
-7.870822143554687500e+01
-7.870832061767578125e+01
-7.870827484130859375e+01
-7.870818328857421875e+01
-7.870825958251953125e+01
-7.870815277099609375e+01
-7.870827484130859375e+01
-7.870822143554687500e+01
-7.870816040039062500e+01
-7.870816040039062500e+01
-7.870818328857421875e+01
-7.870819091796875000e+01
-7.870820617675781250e+01
-7.870834350585937500e+01
-7.870825195312500000e+01
-7.870825958251953125e+01
-7.870825195312500000e+01
-7.870825195312500000e+01
-7.870817565917968750e+01
-7.870825195312500000e+01
-7.870830535888671875e+01
-7.870822143554687500e+01
-7.870815277099609375e+01
-7.870830535888671875e+01
-7.870820617675781250e+01
-7.870822906494140625e+01
-7.870821380615234375e+01
-7.870817565917968750e+01
-7.870812988281250000e+01
-7.870827484130859375e+01
-7.870825958251953125e+01
-7.870819091796875000e+01
-7.870825958251953125e+01
-7.870817565917968750e+01
-7.870823669433593750e+01
-7.870828247070312500e+01
-7.870835876464843750e+01
-7.870840454101562500e+01
-7.870822906494140625e+01
-7.870818328857421875e+01
-7.870833587646484375e+01
-7.870822143554687500e+01
-7.870829772949218750e+01
-7.870828247070312500e+01
-7.870822906494140625e+01
-7.870823669433593750e+01
-7.870815277099609375e+01
-7.870829010009765625e+01
-7.870825195312500000e+01
-7.870835113525390625e+01
-7.870822143554687500e+01
-7.870826721191406250e+01
-7.870835113525390625e+01
-7.870820617675781250e+01
-7.870833587646484375e+01
-7.870831298828125000e+01
-7.870837402343750000e+01
-7.870822906494140625e+01
-7.870815277099609375e+01
-7.870823669433593750e+01
-7.870818328857421875e+01
-7.870832824707031250e+01
-7.870820617675781250e+01
-7.870816040039062500e+01
-7.870819091796875000e+01
-7.870825195312500000e+01
-7.870828247070312500e+01
-7.870821380615234375e+01
-7.870813751220703125e+01
-7.870819091796875000e+01
-7.870816040039062500e+01
-7.870821380615234375e+01
-7.870824432373046875e+01
-7.870829010009765625e+01
-7.870816802978515625e+01
-7.870825958251953125e+01
-7.870817565917968750e+01
-7.870827484130859375e+01
-7.870831298828125000e+01
-7.870821380615234375e+01
-7.870829010009765625e+01
-7.870825195312500000e+01
-7.870828247070312500e+01
-7.870819854736328125e+01
-7.870826721191406250e+01
-7.870813751220703125e+01
-7.870829772949218750e+01
-7.870829010009765625e+01
-7.870832061767578125e+01
-7.870827484130859375e+01
-7.870824432373046875e+01
-7.870819854736328125e+01
-7.870816802978515625e+01
-7.870828247070312500e+01
-7.870821380615234375e+01
-7.870819091796875000e+01
-7.870821380615234375e+01
-7.870814514160156250e+01
-7.870829010009765625e+01
-7.870829010009765625e+01
-7.870816040039062500e+01
-7.870832824707031250e+01
-7.870822143554687500e+01
-7.870819091796875000e+01
-7.870825958251953125e+01
-7.870813751220703125e+01
-7.870810699462890625e+01
-7.870809936523437500e+01
-7.870822906494140625e+01
-7.870820617675781250e+01
-7.870816802978515625e+01
-7.870824432373046875e+01
-7.870832824707031250e+01
-7.870811462402343750e+01
-7.870812225341796875e+01
-7.870809173583984375e+01
-7.870825195312500000e+01
-7.870834350585937500e+01
-7.870826721191406250e+01
-7.870832061767578125e+01
-7.870822906494140625e+01
-7.870829010009765625e+01
-7.870831298828125000e+01
-7.870829772949218750e+01
-7.870820617675781250e+01
-7.870824432373046875e+01
-7.870824432373046875e+01
-7.870830535888671875e+01
-7.870833587646484375e+01
-7.870822143554687500e+01
-7.870821380615234375e+01
-7.870827484130859375e+01
-7.870823669433593750e+01
-7.870822906494140625e+01
-7.870822906494140625e+01
-7.870829010009765625e+01
-7.870817565917968750e+01
-7.870822906494140625e+01
-7.870828247070312500e+01
-7.870830535888671875e+01
-7.870825958251953125e+01
-7.870835876464843750e+01
-7.870827484130859375e+01
-7.870819091796875000e+01
-7.870823669433593750e+01
-7.870824432373046875e+01
-7.870823669433593750e+01
-7.870819854736328125e+01
-7.870816040039062500e+01
-7.870829010009765625e+01
-7.870829772949218750e+01
-7.870826721191406250e+01
-7.870825195312500000e+01
-7.870822906494140625e+01
-7.870821380615234375e+01
-7.870822143554687500e+01
-7.870829772949218750e+01
-7.870816040039062500e+01
-7.870825195312500000e+01
-7.870814514160156250e+01
-7.870817565917968750e+01
-7.870816802978515625e+01
-7.870819091796875000e+01
-7.870812988281250000e+01
-7.870813751220703125e+01
-7.870825958251953125e+01
-7.870822143554687500e+01
-7.870828247070312500e+01
-7.870825958251953125e+01
-7.870820617675781250e+01
-7.870835113525390625e+01
-7.870828247070312500e+01
-7.870829772949218750e+01
-7.870823669433593750e+01
-7.870819091796875000e+01
-7.870824432373046875e+01
-7.870816040039062500e+01
-7.870830535888671875e+01
-7.870825195312500000e+01
-7.870817565917968750e+01
-7.870823669433593750e+01
-7.870822143554687500e+01
-7.870824432373046875e+01
-7.870813751220703125e+01
-7.870833587646484375e+01
-7.870809936523437500e+01
-7.870822143554687500e+01
-7.870833587646484375e+01
-7.870823669433593750e+01
-7.870836639404296875e+01
-7.870819091796875000e+01
-7.870826721191406250e+01
-7.870822906494140625e+01
-7.870835113525390625e+01
-7.870817565917968750e+01
-7.870819091796875000e+01
-7.870818328857421875e+01
-7.870833587646484375e+01
-7.870828247070312500e+01
-7.870825958251953125e+01
-7.870833587646484375e+01
-7.870827484130859375e+01
-7.870827484130859375e+01
-7.870829010009765625e+01
-7.870817565917968750e+01
-7.870819091796875000e+01
-7.870815277099609375e+01
-7.870819091796875000e+01
-7.870820617675781250e+01
-7.870830535888671875e+01
-7.870821380615234375e+01
-7.870821380615234375e+01
-7.870829010009765625e+01
-7.870825958251953125e+01
-7.870820617675781250e+01
-7.870821380615234375e+01
-7.870825195312500000e+01
-7.870812225341796875e+01
-7.870821380615234375e+01
-7.870819091796875000e+01
-7.870818328857421875e+01
-7.870824432373046875e+01
-7.870818328857421875e+01
-7.870815277099609375e+01
-7.870825958251953125e+01
-7.870819091796875000e+01
-7.870819091796875000e+01
-7.870817565917968750e+01
-7.870816040039062500e+01
-7.870822906494140625e+01
-7.870823669433593750e+01
-7.870818328857421875e+01
-7.870827484130859375e+01
-7.870821380615234375e+01
-7.870814514160156250e+01
-7.870817565917968750e+01
-7.870820617675781250e+01
-7.870831298828125000e+01
-7.870820617675781250e+01
-7.870829010009765625e+01
-7.870825195312500000e+01
-7.870824432373046875e+01
-7.870821380615234375e+01
-7.870832824707031250e+01
-7.870816802978515625e+01
-7.870811462402343750e+01
-7.870810699462890625e+01
-7.870822143554687500e+01
-7.870812225341796875e+01
-7.870815277099609375e+01
-7.870820617675781250e+01
-7.870827484130859375e+01
-7.870825195312500000e+01
-7.870820617675781250e+01
-7.870822906494140625e+01
-7.870825958251953125e+01
-7.870827484130859375e+01
-7.870819091796875000e+01
-7.870823669433593750e+01
-7.870828247070312500e+01
-7.870822143554687500e+01
-7.870829010009765625e+01
-7.870822143554687500e+01
-7.870822906494140625e+01
-7.870829772949218750e+01
-7.870826721191406250e+01
-7.870822906494140625e+01
-7.870829772949218750e+01
-7.870818328857421875e+01
-7.870821380615234375e+01
-7.870825195312500000e+01
-7.870814514160156250e+01
-7.870828247070312500e+01
-7.870834350585937500e+01
-7.870832061767578125e+01
-7.870820617675781250e+01
-7.870825958251953125e+01
-7.870824432373046875e+01
-7.870810699462890625e+01
-7.870824432373046875e+01
-7.870825195312500000e+01
-7.870828247070312500e+01
-7.870822906494140625e+01
-7.870830535888671875e+01
-7.870832061767578125e+01
-7.870828247070312500e+01
-7.870811462402343750e+01
-7.870825195312500000e+01
-7.870831298828125000e+01
-7.870822906494140625e+01
-7.870822143554687500e+01
-7.870833587646484375e+01
-7.870814514160156250e+01
-7.870814514160156250e+01
-7.870827484130859375e+01
-7.870817565917968750e+01
-7.870810699462890625e+01
-7.870822143554687500e+01
-7.870824432373046875e+01
-7.870822143554687500e+01
-7.870816040039062500e+01
-7.870821380615234375e+01
-7.870819854736328125e+01
-7.870822906494140625e+01
-7.870824432373046875e+01
-7.870822906494140625e+01
-7.870818328857421875e+01
-7.870828247070312500e+01
-7.870834350585937500e+01
-7.870812225341796875e+01
-7.870826721191406250e+01
-7.870822906494140625e+01
-7.870825195312500000e+01
-7.870832824707031250e+01
-7.870825958251953125e+01
-7.870829772949218750e+01
-7.870815277099609375e+01
-7.870827484130859375e+01
-7.870822906494140625e+01
-7.870818328857421875e+01
-7.870822906494140625e+01
-7.870832061767578125e+01
-7.870825958251953125e+01
-7.870812988281250000e+01
-7.870815277099609375e+01
-7.870812225341796875e+01
-7.870816802978515625e+01
-7.870815277099609375e+01
-7.870816040039062500e+01
-7.870821380615234375e+01
-7.870816040039062500e+01
-7.870817565917968750e+01
-7.870830535888671875e+01
-7.870826721191406250e+01
-7.870829772949218750e+01
-7.870825195312500000e+01
-7.870816802978515625e+01
-7.870829010009765625e+01
-7.870829772949218750e+01
-7.870825195312500000e+01
-7.870823669433593750e+01
-7.870811462402343750e+01
-7.870819091796875000e+01
-7.870809936523437500e+01
-7.870825958251953125e+01
-7.870822143554687500e+01
-7.870830535888671875e+01
-7.870822143554687500e+01
-7.870822906494140625e+01
-7.870812988281250000e+01
-7.870826721191406250e+01
-7.870832824707031250e+01
-7.870824432373046875e+01
-7.870821380615234375e+01
-7.870818328857421875e+01
-7.870822143554687500e+01
-7.870825195312500000e+01
-7.870807647705078125e+01
-7.870823669433593750e+01
-7.870825958251953125e+01
-7.870822143554687500e+01
-7.870819091796875000e+01
-7.870825195312500000e+01
-7.870819854736328125e+01
-7.870820617675781250e+01
-7.870823669433593750e+01
-7.870822906494140625e+01
-7.870820617675781250e+01
-7.870835113525390625e+01
-7.870822143554687500e+01
-7.870830535888671875e+01
-7.870838928222656250e+01
-7.870821380615234375e+01
-7.870813751220703125e+01
-7.870825195312500000e+01
-7.870825195312500000e+01
-7.870810699462890625e+01
-7.870825195312500000e+01
-7.870819854736328125e+01
-7.870816802978515625e+01
-7.870813751220703125e+01
-7.870819091796875000e+01
-7.870815277099609375e+01
-7.870818328857421875e+01
-7.870830535888671875e+01
-7.870822143554687500e+01
-7.870812225341796875e+01
-7.870821380615234375e+01
-7.870816802978515625e+01
-7.870815277099609375e+01
-7.870830535888671875e+01
-7.870823669433593750e+01
-7.870826721191406250e+01
-7.870817565917968750e+01
-7.870828247070312500e+01
-7.870814514160156250e+01
-7.870816040039062500e+01
-7.870823669433593750e+01
-7.870825958251953125e+01
-7.870821380615234375e+01
-7.870819854736328125e+01
-7.870821380615234375e+01
-7.870816040039062500e+01
-7.870826721191406250e+01
-7.870827484130859375e+01
-7.870818328857421875e+01
-7.870822143554687500e+01
-7.870826721191406250e+01
-7.870823669433593750e+01
-7.870827484130859375e+01
-7.870827484130859375e+01
-7.870823669433593750e+01
-7.870828247070312500e+01
-7.870822143554687500e+01
-7.870822906494140625e+01
-7.870823669433593750e+01
-7.870830535888671875e+01
-7.870822906494140625e+01
-7.870819854736328125e+01
-7.870820617675781250e+01
-7.870813751220703125e+01
-7.870831298828125000e+01
-7.870829772949218750e+01
-7.870834350585937500e+01
-7.870819091796875000e+01
-7.870819854736328125e+01
-7.870816802978515625e+01
-7.870822906494140625e+01
-7.870812988281250000e+01
-7.870816040039062500e+01
-7.870819854736328125e+01
-7.870816040039062500e+01
-7.870812225341796875e+01
-7.870813751220703125e+01
-7.870821380615234375e+01
-7.870830535888671875e+01
-7.870816040039062500e+01
-7.870829772949218750e+01
-7.870811462402343750e+01
-7.870820617675781250e+01
-7.870815277099609375e+01
-7.870813751220703125e+01
-7.870817565917968750e+01
-7.870822906494140625e+01
-7.870821380615234375e+01
-7.870825195312500000e+01
-7.870826721191406250e+01
-7.870813751220703125e+01
-7.870822906494140625e+01
-7.870812988281250000e+01
-7.870819854736328125e+01
-7.870826721191406250e+01
-7.870817565917968750e+01
-7.870836639404296875e+01
-7.870818328857421875e+01
-7.870823669433593750e+01
-7.870822143554687500e+01
-7.870812988281250000e+01
-7.870815277099609375e+01
-7.870825958251953125e+01
-7.870819854736328125e+01
-7.870824432373046875e+01
-7.870827484130859375e+01
-7.870829010009765625e+01
-7.870825195312500000e+01
-7.870819091796875000e+01
-7.870829772949218750e+01
-7.870819854736328125e+01
-7.870822906494140625e+01
-7.870819091796875000e+01
-7.870827484130859375e+01
-7.870819854736328125e+01
-7.870827484130859375e+01
-7.870824432373046875e+01
-7.870830535888671875e+01
-7.870829010009765625e+01
-7.870820617675781250e+01
-7.870822906494140625e+01
-7.870821380615234375e+01
-7.870822143554687500e+01
-7.870825958251953125e+01
-7.870821380615234375e+01
-7.870822143554687500e+01
-7.870820617675781250e+01
-7.870825958251953125e+01
-7.870830535888671875e+01
-7.870816802978515625e+01
-7.870812988281250000e+01
-7.870825958251953125e+01
-7.870819854736328125e+01
-7.870812988281250000e+01
-7.870816802978515625e+01
-7.870826721191406250e+01
-7.870820617675781250e+01
-7.870824432373046875e+01
-7.870826721191406250e+01
-7.870821380615234375e+01
-7.870823669433593750e+01
-7.870829010009765625e+01
-7.870824432373046875e+01
-7.870820617675781250e+01
-7.870816802978515625e+01
-7.870827484130859375e+01
-7.870829010009765625e+01
-7.870829010009765625e+01
-7.870824432373046875e+01
-7.870826721191406250e+01
-7.870810699462890625e+01
-7.870817565917968750e+01
-7.870818328857421875e+01
-7.870817565917968750e+01
-7.870830535888671875e+01
-7.870832824707031250e+01
-7.870825195312500000e+01
-7.870822143554687500e+01
-7.870826721191406250e+01
-7.870822906494140625e+01
-7.870823669433593750e+01
-7.870818328857421875e+01
-7.870819854736328125e+01
-7.870819091796875000e+01
-7.870817565917968750e+01
-7.870820617675781250e+01
-7.870814514160156250e+01
-7.870812225341796875e+01
-7.870820617675781250e+01
-7.870820617675781250e+01
-7.870814514160156250e+01
-7.870815277099609375e+01
-7.870819091796875000e+01
-7.870826721191406250e+01
-7.870835876464843750e+01
-7.870819091796875000e+01
-7.870818328857421875e+01
-7.870832061767578125e+01
-7.870825195312500000e+01
-7.870827484130859375e+01
-7.870820617675781250e+01
-7.870825958251953125e+01
-7.870822906494140625e+01
-7.870828247070312500e+01
-7.870812988281250000e+01
-7.870819091796875000e+01
-7.870822906494140625e+01
-7.870808410644531250e+01
-7.870836639404296875e+01
-7.870814514160156250e+01
-7.870822906494140625e+01
-7.870824432373046875e+01
-7.870824432373046875e+01
-7.870830535888671875e+01
-7.870831298828125000e+01
-7.870814514160156250e+01
-7.870826721191406250e+01
-7.870820617675781250e+01
-7.870822906494140625e+01
-7.870814514160156250e+01
-7.870819854736328125e+01
-7.870822906494140625e+01
-7.870821380615234375e+01
-7.870825195312500000e+01
-7.870815277099609375e+01
-7.870812225341796875e+01
-7.870819091796875000e+01
-7.870816040039062500e+01
-7.870814514160156250e+01
-7.870816040039062500e+01
-7.870817565917968750e+01
-7.870817565917968750e+01
-7.870806884765625000e+01
-7.870825195312500000e+01
-7.870818328857421875e+01
-7.870815277099609375e+01
-7.870818328857421875e+01
-7.870827484130859375e+01
-7.870836639404296875e+01
-7.870826721191406250e+01
-7.870829010009765625e+01
-7.870818328857421875e+01
-7.870811462402343750e+01
-7.870822143554687500e+01
-7.870828247070312500e+01
-7.870828247070312500e+01
-7.870816802978515625e+01
-7.870807647705078125e+01
-7.870812988281250000e+01
-7.870813751220703125e+01
-7.870808410644531250e+01
-7.870822906494140625e+01
-7.870815277099609375e+01
-7.870817565917968750e+01
-7.870820617675781250e+01
-7.870815277099609375e+01
-7.870822143554687500e+01
-7.870817565917968750e+01
-7.870816802978515625e+01
-7.870815277099609375e+01
-7.870821380615234375e+01
-7.870820617675781250e+01
-7.870824432373046875e+01
-7.870816802978515625e+01
-7.870811462402343750e+01
-7.870828247070312500e+01
-7.870816040039062500e+01
-7.870821380615234375e+01
-7.870829010009765625e+01
-7.870833587646484375e+01
-7.870822906494140625e+01
-7.870825958251953125e+01
-7.870831298828125000e+01
-7.870816040039062500e+01
-7.870821380615234375e+01
-7.870825195312500000e+01
-7.870827484130859375e+01
-7.870825195312500000e+01
-7.870819854736328125e+01
-7.870823669433593750e+01
-7.870825958251953125e+01
-7.870829772949218750e+01
-7.870821380615234375e+01
-7.870810699462890625e+01
-7.870818328857421875e+01
-7.870819854736328125e+01
-7.870828247070312500e+01
-7.870815277099609375e+01
-7.870823669433593750e+01
-7.870829772949218750e+01
-7.870816040039062500e+01
-7.870823669433593750e+01
-7.870829010009765625e+01
-7.870824432373046875e+01
-7.870827484130859375e+01
-7.870835876464843750e+01
-7.870813751220703125e+01
-7.870825195312500000e+01
-7.870811462402343750e+01
-7.870829772949218750e+01
-7.870830535888671875e+01
-7.870819091796875000e+01
-7.870824432373046875e+01
-7.870819854736328125e+01
-7.870834350585937500e+01
-7.870823669433593750e+01
-7.870818328857421875e+01
-7.870829772949218750e+01
-7.870816802978515625e+01
-7.870812225341796875e+01
-7.870825195312500000e+01
-7.870825195312500000e+01
-7.870812225341796875e+01
-7.870811462402343750e+01
-7.870816802978515625e+01
-7.870819091796875000e+01
-7.870821380615234375e+01
-7.870814514160156250e+01
-7.870818328857421875e+01
-7.870820617675781250e+01
-7.870816040039062500e+01
-7.870810699462890625e+01
-7.870821380615234375e+01
-7.870823669433593750e+01
-7.870820617675781250e+01
-7.870821380615234375e+01
-7.870831298828125000e+01
-7.870825958251953125e+01
-7.870821380615234375e+01
-7.870830535888671875e+01
-7.870822906494140625e+01
-7.870821380615234375e+01
-7.870822906494140625e+01
-7.870826721191406250e+01
-7.870823669433593750e+01
-7.870829010009765625e+01
-7.870823669433593750e+01
-7.870827484130859375e+01
-7.870820617675781250e+01
-7.870825958251953125e+01
-7.870820617675781250e+01
-7.870829772949218750e+01
-7.870819854736328125e+01
-7.870829772949218750e+01
-7.870819091796875000e+01
-7.870827484130859375e+01
-7.870822143554687500e+01
-7.870829010009765625e+01
-7.870832061767578125e+01
-7.870824432373046875e+01
-7.870827484130859375e+01
-7.870819854736328125e+01
-7.870829772949218750e+01
-7.870820617675781250e+01
-7.870830535888671875e+01
-7.870819854736328125e+01
-7.870816802978515625e+01
-7.870821380615234375e+01
-7.870832061767578125e+01
-7.870816802978515625e+01
-7.870826721191406250e+01
-7.870817565917968750e+01
-7.870820617675781250e+01
-7.870827484130859375e+01
-7.870822906494140625e+01
-7.870819091796875000e+01
-7.870809936523437500e+01
-7.870818328857421875e+01
-7.870814514160156250e+01
-7.870824432373046875e+01
-7.870816040039062500e+01
-7.870811462402343750e+01
-7.870818328857421875e+01
-7.870819091796875000e+01
-7.870816802978515625e+01
-7.870822906494140625e+01
-7.870822906494140625e+01
-7.870822906494140625e+01
-7.870819854736328125e+01
-7.870819854736328125e+01
-7.870822906494140625e+01
-7.870828247070312500e+01
-7.870823669433593750e+01
-7.870822906494140625e+01
-7.870828247070312500e+01
-7.870827484130859375e+01
-7.870819091796875000e+01
-7.870823669433593750e+01
-7.870828247070312500e+01
-7.870819854736328125e+01
-7.870823669433593750e+01
-7.870830535888671875e+01
-7.870825195312500000e+01
-7.870826721191406250e+01
-7.870830535888671875e+01
-7.870813751220703125e+01
-7.870822906494140625e+01
-7.870821380615234375e+01
-7.870822143554687500e+01
-7.870812988281250000e+01
-7.870821380615234375e+01
-7.870823669433593750e+01
-7.870821380615234375e+01
-7.870821380615234375e+01
-7.870825958251953125e+01
-7.870820617675781250e+01
-7.870833587646484375e+01
-7.870824432373046875e+01
-7.870835876464843750e+01
-7.870820617675781250e+01
-7.870821380615234375e+01
-7.870819091796875000e+01
-7.870804595947265625e+01
-7.870812988281250000e+01
-7.870819854736328125e+01
-7.870822143554687500e+01
-7.870819854736328125e+01
-7.870825958251953125e+01
-7.870822906494140625e+01
-7.870820617675781250e+01
-7.870822906494140625e+01
-7.870816040039062500e+01
-7.870828247070312500e+01
-7.870815277099609375e+01
-7.870832824707031250e+01
-7.870822143554687500e+01
-7.870829010009765625e+01
-7.870819854736328125e+01
-7.870840454101562500e+01
-7.870821380615234375e+01
-7.870829010009765625e+01
-7.870830535888671875e+01
-7.870836639404296875e+01
-7.870822143554687500e+01
-7.870823669433593750e+01
-7.870827484130859375e+01
-7.870824432373046875e+01
-7.870816802978515625e+01
-7.870829772949218750e+01
-7.870828247070312500e+01
-7.870829772949218750e+01
-7.870825958251953125e+01
-7.870816802978515625e+01
-7.870832061767578125e+01
-7.870818328857421875e+01
-7.870822143554687500e+01
-7.870832061767578125e+01
-7.870825958251953125e+01
-7.870833587646484375e+01
-7.870819091796875000e+01
-7.870823669433593750e+01
-7.870820617675781250e+01
-7.870823669433593750e+01
-7.870829772949218750e+01
-7.870817565917968750e+01
-7.870827484130859375e+01
-7.870823669433593750e+01
-7.870821380615234375e+01
-7.870825958251953125e+01
-7.870816802978515625e+01
-7.870829772949218750e+01
-7.870825195312500000e+01
-7.870826721191406250e+01
-7.870820617675781250e+01
-7.870819091796875000e+01
-7.870822906494140625e+01
-7.870824432373046875e+01
-7.870822906494140625e+01
-7.870824432373046875e+01
-7.870823669433593750e+01
-7.870815277099609375e+01
-7.870827484130859375e+01
-7.870820617675781250e+01
-7.870822143554687500e+01
-7.870833587646484375e+01
-7.870822143554687500e+01
-7.870822143554687500e+01
-7.870819854736328125e+01
-7.870817565917968750e+01
-7.870824432373046875e+01
-7.870833587646484375e+01
-7.870822143554687500e+01
-7.870835876464843750e+01
-7.870830535888671875e+01
-7.870818328857421875e+01
-7.870831298828125000e+01
-7.870828247070312500e+01
-7.870822906494140625e+01
-7.870819091796875000e+01
-7.870825958251953125e+01
-7.870835876464843750e+01
-7.870829772949218750e+01
-7.870833587646484375e+01
-7.870818328857421875e+01
-7.870822143554687500e+01
-7.870809173583984375e+01
-7.870816802978515625e+01
-7.870823669433593750e+01
-7.870830535888671875e+01
-7.870817565917968750e+01
-7.870825958251953125e+01
-7.870811462402343750e+01
-7.870822143554687500e+01
-7.870817565917968750e+01
-7.870824432373046875e+01
-7.870820617675781250e+01
-7.870820617675781250e+01
-7.870818328857421875e+01
-7.870812225341796875e+01
-7.870817565917968750e+01
-7.870822906494140625e+01
-7.870810699462890625e+01
-7.870822906494140625e+01
-7.870822143554687500e+01
-7.870827484130859375e+01
-7.870819854736328125e+01
-7.870824432373046875e+01
-7.870822143554687500e+01
-7.870828247070312500e+01
-7.870819854736328125e+01
-7.870826721191406250e+01
-7.870818328857421875e+01
-7.870810699462890625e+01
-7.870825195312500000e+01
-7.870816802978515625e+01
-7.870825195312500000e+01
-7.870825195312500000e+01
-7.870824432373046875e+01
-7.870817565917968750e+01
-7.870817565917968750e+01
-7.870815277099609375e+01
-7.870815277099609375e+01
-7.870830535888671875e+01
-7.870838165283203125e+01
-7.870824432373046875e+01
-7.870825958251953125e+01
-7.870830535888671875e+01
-7.870829772949218750e+01
-7.870828247070312500e+01
-7.870822906494140625e+01
-7.870822906494140625e+01
