-3.891487884521484375e+01
-5.316723251342773438e+01
-5.168395996093750000e+01
-5.186582183837890625e+01
-5.192818832397460938e+01
-5.164172363281250000e+01
-5.305696105957031250e+01
-5.230883789062500000e+01
-5.401255035400390625e+01
-5.377425765991210938e+01
-5.084577941894531250e+01
-5.433255004882812500e+01
-5.463988876342773438e+01
-5.751870346069335938e+01
-5.996012496948242188e+01
-6.221609115600585938e+01
-6.312455368041992188e+01
-6.149140548706054688e+01
-6.316015243530273438e+01
-6.460770416259765625e+01
-6.621396636962890625e+01
-6.635558319091796875e+01
-6.499868011474609375e+01
-6.271535873413085938e+01
-6.407318878173828125e+01
-6.515671539306640625e+01
-6.434670257568359375e+01
-6.712105560302734375e+01
-6.571085357666015625e+01
-6.658438110351562500e+01
-6.597614288330078125e+01
-6.827495574951171875e+01
-6.965745544433593750e+01
-6.821666717529296875e+01
-6.964016723632812500e+01
-6.678705596923828125e+01
-7.056500244140625000e+01
-6.869670104980468750e+01
-7.041041564941406250e+01
-7.238261413574218750e+01
-7.132406616210937500e+01
-7.197544860839843750e+01
-7.443497467041015625e+01
-7.475099945068359375e+01
-7.413021850585937500e+01
-7.128376007080078125e+01
-7.402709960937500000e+01
-7.443039703369140625e+01
-7.532250213623046875e+01
-7.528948211669921875e+01
-7.620066070556640625e+01
-7.617605590820312500e+01
-7.601489257812500000e+01
-7.660379791259765625e+01
-7.704588317871093750e+01
-7.699812316894531250e+01
-7.687098693847656250e+01
-7.656484985351562500e+01
-7.628096771240234375e+01
-7.721669769287109375e+01
-7.746476745605468750e+01
-7.790024566650390625e+01
-7.770475006103515625e+01
-7.780365753173828125e+01
-7.811926269531250000e+01
-7.809146118164062500e+01
-7.813890075683593750e+01
-7.825492095947265625e+01
-7.822703552246093750e+01
-7.837110137939453125e+01
-7.836209106445312500e+01
-7.842833709716796875e+01
-7.843848419189453125e+01
-7.842816162109375000e+01
-7.848975372314453125e+01
-7.854293823242187500e+01
-7.853778839111328125e+01
-7.855433654785156250e+01
-7.853918457031250000e+01
-7.856937408447265625e+01
-7.860205078125000000e+01
-7.859825897216796875e+01
-7.862165832519531250e+01
-7.862655639648437500e+01
-7.863468170166015625e+01
-7.864955902099609375e+01
-7.865177154541015625e+01
-7.865847015380859375e+01
-7.865978240966796875e+01
-7.865248107910156250e+01
-7.862949371337890625e+01
-7.860138702392578125e+01
-7.856917572021484375e+01
-7.853749084472656250e+01
-7.855204010009765625e+01
-7.861102294921875000e+01
-7.868094635009765625e+01
-7.870201873779296875e+01
-7.865550994873046875e+01
-7.861717987060546875e+01
-7.859210205078125000e+01
-7.853282165527343750e+01
-7.856312561035156250e+01
-7.867358398437500000e+01
-7.866516876220703125e+01
-7.862918853759765625e+01
-7.869110107421875000e+01
-7.866363525390625000e+01
-7.868062591552734375e+01
-7.869567108154296875e+01
-7.868459320068359375e+01
-7.870513916015625000e+01
-7.868543243408203125e+01
-7.871108245849609375e+01
-7.869830322265625000e+01
-7.871671295166015625e+01
-7.870198059082031250e+01
-7.871074676513671875e+01
-7.871031188964843750e+01
-7.871630096435546875e+01
-7.871358489990234375e+01
-7.871968078613281250e+01
-7.871367645263671875e+01
-7.871248626708984375e+01
-7.870823669433593750e+01
-7.870406341552734375e+01
-7.868547058105468750e+01
-7.864905548095703125e+01
-7.856603240966796875e+01
-7.842005157470703125e+01
-7.822910308837890625e+01
-7.819268035888671875e+01
-7.848210144042968750e+01
-7.871266174316406250e+01
-7.855754852294921875e+01
-7.850580596923828125e+01
-7.868748474121093750e+01
-7.862232971191406250e+01
-7.860138702392578125e+01
-7.871588897705078125e+01
-7.862868499755859375e+01
-7.869676971435546875e+01
-7.867131042480468750e+01
-7.868190765380859375e+01
-7.867275238037109375e+01
-7.869750976562500000e+01
-7.867546844482421875e+01
-7.871848297119140625e+01
-7.869176483154296875e+01
-7.871125793457031250e+01
-7.870957946777343750e+01
-7.870514678955078125e+01
-7.870867919921875000e+01
-7.870729827880859375e+01
-7.870569610595703125e+01
-7.871078491210937500e+01
-7.871402740478515625e+01
-7.871121215820312500e+01
-7.872114562988281250e+01
-7.871719360351562500e+01
-7.872118377685546875e+01
-7.872378540039062500e+01
-7.871968078613281250e+01
-7.872447967529296875e+01
-7.872125244140625000e+01
-7.872202301025390625e+01
-7.872299194335937500e+01
-7.872174835205078125e+01
-7.872312164306640625e+01
-7.872348022460937500e+01
-7.872400665283203125e+01
-7.872480010986328125e+01
-7.872584533691406250e+01
-7.872511291503906250e+01
-7.872677612304687500e+01
-7.872617340087890625e+01
-7.872637939453125000e+01
-7.872714996337890625e+01
-7.872605895996093750e+01
-7.872713470458984375e+01
-7.872647094726562500e+01
-7.872651672363281250e+01
-7.872676849365234375e+01
-7.872644042968750000e+01
-7.872666168212890625e+01
-7.872684478759765625e+01
-7.872693634033203125e+01
-7.872701263427734375e+01
-7.872714233398437500e+01
-7.872709655761718750e+01
-7.872755432128906250e+01
-7.872743225097656250e+01
-7.872740173339843750e+01
-7.872767639160156250e+01
-7.872750854492187500e+01
-7.872759246826171875e+01
-7.872762298583984375e+01
-7.872777557373046875e+01
-7.872779083251953125e+01
-7.872784423828125000e+01
-7.872794342041015625e+01
-7.872803497314453125e+01
-7.872777557373046875e+01
-7.872789001464843750e+01
-7.872798919677734375e+01
-7.872793579101562500e+01
-7.872802734375000000e+01
-7.872804260253906250e+01
-7.872805023193359375e+01
-7.872804260253906250e+01
-7.872803497314453125e+01
-7.872794342041015625e+01
-7.872806549072265625e+01
-7.872830963134765625e+01
-7.872841644287109375e+01
-7.872818756103515625e+01
-7.872806549072265625e+01
-7.872814178466796875e+01
-7.872805023193359375e+01
-7.872802734375000000e+01
-7.872811889648437500e+01
-7.872799682617187500e+01
-7.872798919677734375e+01
-7.872811126708984375e+01
-7.872774505615234375e+01
-7.872759246826171875e+01
-7.872773742675781250e+01
-7.872752380371093750e+01
-7.872700500488281250e+01
-7.872682952880859375e+01
-7.872674560546875000e+01
-7.872586822509765625e+01
-7.872536468505859375e+01
-7.872454833984375000e+01
-7.872371673583984375e+01
-7.872242736816406250e+01
-7.872140502929687500e+01
-7.872013854980468750e+01
-7.871905517578125000e+01
-7.871813964843750000e+01
-7.871763610839843750e+01
-7.871784210205078125e+01
-7.871884918212890625e+01
-7.872044372558593750e+01
-7.872263336181640625e+01
-7.872513580322265625e+01
-7.872728729248046875e+01
-7.872837066650390625e+01
-7.872880554199218750e+01
-7.872826385498046875e+01
-7.872750854492187500e+01
-7.872676849365234375e+01
-7.872665405273437500e+01
-7.872716522216796875e+01
-7.872792053222656250e+01
-7.872858428955078125e+01
-7.872901153564453125e+01
-7.872920227050781250e+01
-7.872850799560546875e+01
-7.872834777832031250e+01
-7.872833251953125000e+01
-7.872854614257812500e+01
-7.872895050048828125e+01
-7.872920227050781250e+01
-7.872935485839843750e+01
-7.872912597656250000e+01
-7.872917938232421875e+01
-7.872903442382812500e+01
-7.872921752929687500e+01
-7.872933959960937500e+01
-7.872958374023437500e+01
-7.872962188720703125e+01
-7.872961425781250000e+01
-7.872937774658203125e+01
-7.872946929931640625e+01
-7.872959899902343750e+01
-7.872954559326171875e+01
-7.872966003417968750e+01
-7.872979736328125000e+01
-7.872968292236328125e+01
-7.872976684570312500e+01
-7.872971343994140625e+01
-7.872982025146484375e+01
-7.872992706298828125e+01
-7.872996520996093750e+01
-7.872967529296875000e+01
-7.872996520996093750e+01
-7.873003387451171875e+01
-7.872997283935546875e+01
-7.872998809814453125e+01
-7.873001098632812500e+01
-7.873005676269531250e+01
-7.873020172119140625e+01
-7.872998046875000000e+01
-7.873011779785156250e+01
-7.872996520996093750e+01
-7.873007202148437500e+01
-7.873001861572265625e+01
-7.873017120361328125e+01
-7.873022460937500000e+01
-7.873010253906250000e+01
-7.873014068603515625e+01
-7.873011016845703125e+01
-7.873026275634765625e+01
-7.873009490966796875e+01
-7.873014068603515625e+01
-7.873013305664062500e+01
-7.873027038574218750e+01
-7.873009490966796875e+01
-7.873024749755859375e+01
-7.873037719726562500e+01
-7.873030853271484375e+01
-7.873037719726562500e+01
-7.873035430908203125e+01
-7.873026275634765625e+01
-7.873022460937500000e+01
-7.873039245605468750e+01
-7.873043823242187500e+01
-7.873040008544921875e+01
-7.873040008544921875e+01
-7.873036956787109375e+01
-7.873043823242187500e+01
-7.873044586181640625e+01
-7.873054504394531250e+01
-7.873052978515625000e+01
-7.873037719726562500e+01
-7.873049926757812500e+01
-7.873045349121093750e+01
-7.873032379150390625e+01
-7.873043060302734375e+01
-7.873036956787109375e+01
-7.873032379150390625e+01
-7.873029327392578125e+01
-7.873027801513671875e+01
-7.873037719726562500e+01
-7.873028564453125000e+01
-7.873040771484375000e+01
-7.873014068603515625e+01
-7.873045349121093750e+01
-7.873046875000000000e+01
-7.873037719726562500e+01
-7.873040771484375000e+01
-7.873047637939453125e+01
-7.873035430908203125e+01
-7.873032379150390625e+01
-7.873040771484375000e+01
-7.873057556152343750e+01
-7.873027038574218750e+01
-7.873049926757812500e+01
-7.873043060302734375e+01
-7.873041534423828125e+01
-7.873038482666015625e+01
-7.873052215576171875e+01
-7.873048400878906250e+01
-7.873029327392578125e+01
-7.873028564453125000e+01
-7.873032379150390625e+01
-7.873025512695312500e+01
-7.873043823242187500e+01
-7.873040008544921875e+01
-7.873036956787109375e+01
-7.873036193847656250e+01
-7.873062133789062500e+01
-7.873043823242187500e+01
-7.873043823242187500e+01
-7.873040008544921875e+01
-7.873056030273437500e+01
-7.873047637939453125e+01
-7.873039245605468750e+01
-7.873040771484375000e+01
-7.873045349121093750e+01
-7.873040008544921875e+01
-7.873063659667968750e+01
-7.873043060302734375e+01
-7.873036956787109375e+01
-7.873052978515625000e+01
-7.873042297363281250e+01
-7.873049163818359375e+01
-7.873043060302734375e+01
-7.873043060302734375e+01
-7.873032379150390625e+01
-7.873049926757812500e+01
-7.873055267333984375e+01
-7.873050689697265625e+01
-7.873042297363281250e+01
-7.873034667968750000e+01
-7.873044586181640625e+01
-7.873033905029296875e+01
-7.873035430908203125e+01
-7.873035430908203125e+01
-7.873062133789062500e+01
-7.873059082031250000e+01
-7.873040008544921875e+01
-7.873037719726562500e+01
-7.873058319091796875e+01
-7.873054504394531250e+01
-7.873043823242187500e+01
-7.873059082031250000e+01
-7.873038482666015625e+01
-7.873037719726562500e+01
-7.873045349121093750e+01
-7.873048400878906250e+01
-7.873057556152343750e+01
-7.873039245605468750e+01
-7.873056793212890625e+01
-7.873049926757812500e+01
-7.873046112060546875e+01
-7.873036956787109375e+01
-7.873033142089843750e+01
-7.873071289062500000e+01
-7.873051452636718750e+01
-7.873041534423828125e+01
-7.873028564453125000e+01
-7.873067474365234375e+01
-7.873057556152343750e+01
-7.873054504394531250e+01
-7.873049926757812500e+01
-7.873048400878906250e+01
-7.873066711425781250e+01
-7.873056030273437500e+01
-7.873045349121093750e+01
-7.873073577880859375e+01
-7.873061370849609375e+01
-7.873048400878906250e+01
-7.873063659667968750e+01
-7.873058319091796875e+01
-7.873061370849609375e+01
-7.873039245605468750e+01
-7.873037719726562500e+01
-7.873061370849609375e+01
-7.873061370849609375e+01
-7.873053741455078125e+01
-7.873068237304687500e+01
-7.873046875000000000e+01
-7.873046875000000000e+01
-7.873065948486328125e+01
-7.873047637939453125e+01
-7.873050689697265625e+01
-7.873059082031250000e+01
-7.873065185546875000e+01
-7.873056030273437500e+01
-7.873062896728515625e+01
-7.873055267333984375e+01
-7.873049926757812500e+01
-7.873048400878906250e+01
-7.873042297363281250e+01
-7.873043060302734375e+01
-7.873070526123046875e+01
-7.873046875000000000e+01
-7.873066711425781250e+01
-7.873047637939453125e+01
-7.873067474365234375e+01
-7.873053741455078125e+01
-7.873046112060546875e+01
-7.873044586181640625e+01
-7.873062133789062500e+01
-7.873049163818359375e+01
-7.873046875000000000e+01
-7.873046875000000000e+01
-7.873049163818359375e+01
-7.873046112060546875e+01
-7.873052215576171875e+01
-7.873065948486328125e+01
-7.873069000244140625e+01
-7.873057556152343750e+01
-7.873050689697265625e+01
-7.873054504394531250e+01
-7.873045349121093750e+01
-7.873064422607421875e+01
-7.873055267333984375e+01
-7.873046875000000000e+01
-7.873040008544921875e+01
-7.873042297363281250e+01
-7.873043060302734375e+01
-7.873057556152343750e+01
-7.873046112060546875e+01
-7.873049163818359375e+01
-7.873062896728515625e+01
-7.873049926757812500e+01
-7.873054504394531250e+01
-7.873049163818359375e+01
-7.873050689697265625e+01
-7.873056030273437500e+01
-7.873040771484375000e+01
-7.873056793212890625e+01
-7.873059082031250000e+01
-7.873040008544921875e+01
-7.873060607910156250e+01
-7.873056793212890625e+01
-7.873065948486328125e+01
-7.873050689697265625e+01
-7.873067474365234375e+01
-7.873036956787109375e+01
-7.873053741455078125e+01
-7.873047637939453125e+01
-7.873065185546875000e+01
-7.873055267333984375e+01
-7.873046875000000000e+01
-7.873055267333984375e+01
-7.873059082031250000e+01
-7.873059844970703125e+01
-7.873053741455078125e+01
-7.873059844970703125e+01
-7.873052215576171875e+01
-7.873052215576171875e+01
-7.873054504394531250e+01
-7.873061370849609375e+01
-7.873054504394531250e+01
-7.873053741455078125e+01
-7.873045349121093750e+01
-7.873052215576171875e+01
-7.873065948486328125e+01
-7.873064422607421875e+01
-7.873051452636718750e+01
-7.873047637939453125e+01
-7.873049163818359375e+01
-7.873066711425781250e+01
-7.873063659667968750e+01
-7.873059082031250000e+01
-7.873052215576171875e+01
-7.873066711425781250e+01
-7.873068237304687500e+01
-7.873050689697265625e+01
-7.873054504394531250e+01
-7.873057556152343750e+01
-7.873043060302734375e+01
-7.873065948486328125e+01
-7.873064422607421875e+01
-7.873065185546875000e+01
-7.873043823242187500e+01
-7.873067474365234375e+01
-7.873065948486328125e+01
-7.873054504394531250e+01
-7.873060607910156250e+01
-7.873064422607421875e+01
-7.873046875000000000e+01
-7.873063659667968750e+01
-7.873048400878906250e+01
-7.873050689697265625e+01
-7.873074340820312500e+01
-7.873058319091796875e+01
-7.873049926757812500e+01
-7.873046112060546875e+01
-7.873037719726562500e+01
-7.873046112060546875e+01
-7.873077392578125000e+01
-7.873047637939453125e+01
-7.873062133789062500e+01
-7.873046875000000000e+01
-7.873044586181640625e+01
-7.873038482666015625e+01
-7.873058319091796875e+01
-7.873059082031250000e+01
-7.873075103759765625e+01
-7.873062133789062500e+01
-7.873061370849609375e+01
-7.873041534423828125e+01
-7.873039245605468750e+01
-7.873046875000000000e+01
-7.873068237304687500e+01
-7.873069000244140625e+01
-7.873060607910156250e+01
-7.873059082031250000e+01
-7.873055267333984375e+01
-7.873063659667968750e+01
-7.873061370849609375e+01
-7.873062896728515625e+01
-7.873058319091796875e+01
-7.873058319091796875e+01
-7.873057556152343750e+01
-7.873053741455078125e+01
-7.873057556152343750e+01
-7.873041534423828125e+01
-7.873060607910156250e+01
-7.873068237304687500e+01
-7.873065185546875000e+01
-7.873043823242187500e+01
-7.873060607910156250e+01
-7.873052215576171875e+01
-7.873038482666015625e+01
-7.873049926757812500e+01
-7.873058319091796875e+01
-7.873059082031250000e+01
-7.873054504394531250e+01
-7.873053741455078125e+01
-7.873046875000000000e+01
-7.873047637939453125e+01
-7.873041534423828125e+01
-7.873053741455078125e+01
-7.873075103759765625e+01
-7.873052215576171875e+01
-7.873052978515625000e+01
-7.873054504394531250e+01
-7.873056030273437500e+01
-7.873062133789062500e+01
-7.873046875000000000e+01
-7.873061370849609375e+01
-7.873052215576171875e+01
-7.873059082031250000e+01
-7.873056793212890625e+01
-7.873056030273437500e+01
-7.873076629638671875e+01
-7.873051452636718750e+01
-7.873059082031250000e+01
-7.873049163818359375e+01
-7.873061370849609375e+01
-7.873049926757812500e+01
-7.873056030273437500e+01
-7.873065948486328125e+01
-7.873067474365234375e+01
-7.873036193847656250e+01
-7.873054504394531250e+01
-7.873083496093750000e+01
-7.873061370849609375e+01
-7.873051452636718750e+01
-7.873051452636718750e+01
-7.873060607910156250e+01
-7.873067474365234375e+01
-7.873064422607421875e+01
-7.873055267333984375e+01
-7.873057556152343750e+01
-7.873062133789062500e+01
-7.873056030273437500e+01
-7.873046112060546875e+01
-7.873072814941406250e+01
-7.873055267333984375e+01
-7.873062896728515625e+01
-7.873065948486328125e+01
-7.873049163818359375e+01
-7.873072814941406250e+01
-7.873061370849609375e+01
-7.873058319091796875e+01
-7.873046875000000000e+01
-7.873058319091796875e+01
-7.873054504394531250e+01
-7.873053741455078125e+01
-7.873065185546875000e+01
-7.873043823242187500e+01
-7.873063659667968750e+01
-7.873071289062500000e+01
-7.873052215576171875e+01
-7.873068237304687500e+01
-7.873057556152343750e+01
-7.873060607910156250e+01
-7.873060607910156250e+01
-7.873056030273437500e+01
-7.873055267333984375e+01
-7.873056793212890625e+01
-7.873046875000000000e+01
-7.873065948486328125e+01
-7.873067474365234375e+01
-7.873059844970703125e+01
-7.873065185546875000e+01
-7.873070526123046875e+01
-7.873056030273437500e+01
-7.873056793212890625e+01
-7.873046875000000000e+01
-7.873051452636718750e+01
-7.873060607910156250e+01
-7.873056793212890625e+01
-7.873055267333984375e+01
-7.873043823242187500e+01
-7.873068237304687500e+01
-7.873043823242187500e+01
-7.873068237304687500e+01
-7.873070526123046875e+01
-7.873058319091796875e+01
-7.873058319091796875e+01
-7.873074340820312500e+01
-7.873054504394531250e+01
-7.873052215576171875e+01
-7.873065185546875000e+01
-7.873056793212890625e+01
-7.873062896728515625e+01
-7.873066711425781250e+01
-7.873065185546875000e+01
-7.873057556152343750e+01
-7.873057556152343750e+01
-7.873052215576171875e+01
-7.873072814941406250e+01
-7.873066711425781250e+01
-7.873036193847656250e+01
-7.873064422607421875e+01
-7.873076629638671875e+01
-7.873049926757812500e+01
-7.873080444335937500e+01
-7.873055267333984375e+01
-7.873065185546875000e+01
-7.873054504394531250e+01
-7.873040771484375000e+01
-7.873056793212890625e+01
-7.873053741455078125e+01
-7.873065948486328125e+01
-7.873056030273437500e+01
-7.873056793212890625e+01
-7.873066711425781250e+01
-7.873049163818359375e+01
-7.873060607910156250e+01
-7.873056793212890625e+01
-7.873052215576171875e+01
-7.873065948486328125e+01
-7.873054504394531250e+01
-7.873043823242187500e+01
-7.873058319091796875e+01
-7.873068237304687500e+01
-7.873073577880859375e+01
-7.873046112060546875e+01
-7.873048400878906250e+01
-7.873065185546875000e+01
-7.873046875000000000e+01
-7.873066711425781250e+01
-7.873055267333984375e+01
-7.873065185546875000e+01
-7.873061370849609375e+01
-7.873059082031250000e+01
-7.873056030273437500e+01
-7.873061370849609375e+01
-7.873057556152343750e+01
-7.873043060302734375e+01
-7.873056030273437500e+01
-7.873072052001953125e+01
-7.873062896728515625e+01
-7.873059844970703125e+01
-7.873056793212890625e+01
-7.873051452636718750e+01
-7.873063659667968750e+01
-7.873062896728515625e+01
-7.873076629638671875e+01
-7.873056030273437500e+01
-7.873057556152343750e+01
-7.873049926757812500e+01
-7.873061370849609375e+01
-7.873062896728515625e+01
-7.873047637939453125e+01
-7.873050689697265625e+01
-7.873047637939453125e+01
-7.873056030273437500e+01
-7.873062133789062500e+01
-7.873067474365234375e+01
-7.873046875000000000e+01
-7.873081970214843750e+01
-7.873075103759765625e+01
-7.873064422607421875e+01
-7.873053741455078125e+01
-7.873081970214843750e+01
-7.873048400878906250e+01
-7.873055267333984375e+01
-7.873067474365234375e+01
-7.873056793212890625e+01
-7.873043823242187500e+01
-7.873058319091796875e+01
-7.873066711425781250e+01
-7.873046875000000000e+01
-7.873062133789062500e+01
-7.873046875000000000e+01
-7.873049926757812500e+01
-7.873070526123046875e+01
-7.873048400878906250e+01
-7.873053741455078125e+01
-7.873051452636718750e+01
-7.873079681396484375e+01
-7.873059844970703125e+01
-7.873078918457031250e+01
-7.873059844970703125e+01
-7.873043060302734375e+01
-7.873054504394531250e+01
-7.873052978515625000e+01
-7.873050689697265625e+01
-7.873051452636718750e+01
-7.873057556152343750e+01
-7.873058319091796875e+01
-7.873048400878906250e+01
-7.873060607910156250e+01
-7.873040771484375000e+01
-7.873049926757812500e+01
-7.873062896728515625e+01
-7.873067474365234375e+01
-7.873049163818359375e+01
-7.873068237304687500e+01
-7.873060607910156250e+01
-7.873054504394531250e+01
-7.873051452636718750e+01
-7.873062896728515625e+01
-7.873056030273437500e+01
-7.873068237304687500e+01
-7.873057556152343750e+01
-7.873055267333984375e+01
-7.873059082031250000e+01
-7.873074340820312500e+01
-7.873059082031250000e+01
-7.873067474365234375e+01
-7.873070526123046875e+01
-7.873054504394531250e+01
-7.873063659667968750e+01
-7.873066711425781250e+01
-7.873066711425781250e+01
-7.873056030273437500e+01
-7.873057556152343750e+01
-7.873043823242187500e+01
-7.873049926757812500e+01
-7.873062896728515625e+01
-7.873062133789062500e+01
-7.873050689697265625e+01
-7.873072814941406250e+01
-7.873059082031250000e+01
-7.873056030273437500e+01
-7.873052215576171875e+01
-7.873069763183593750e+01
-7.873069763183593750e+01
-7.873065948486328125e+01
-7.873042297363281250e+01
-7.873061370849609375e+01
-7.873080444335937500e+01
-7.873046875000000000e+01
-7.873067474365234375e+01
-7.873053741455078125e+01
-7.873068237304687500e+01
-7.873057556152343750e+01
-7.873065185546875000e+01
-7.873058319091796875e+01
-7.873040771484375000e+01
-7.873064422607421875e+01
-7.873050689697265625e+01
-7.873065185546875000e+01
-7.873055267333984375e+01
-7.873059082031250000e+01
-7.873069763183593750e+01
-7.873052978515625000e+01
-7.873057556152343750e+01
-7.873057556152343750e+01
-7.873046875000000000e+01
-7.873049926757812500e+01
-7.873059082031250000e+01
-7.873043060302734375e+01
-7.873049926757812500e+01
-7.873063659667968750e+01
-7.873071289062500000e+01
-7.873049926757812500e+01
-7.873041534423828125e+01
-7.873054504394531250e+01
-7.873056793212890625e+01
-7.873075103759765625e+01
-7.873056030273437500e+01
-7.873055267333984375e+01
-7.873066711425781250e+01
-7.873060607910156250e+01
-7.873063659667968750e+01
-7.873056030273437500e+01
-7.873048400878906250e+01
-7.873056793212890625e+01
-7.873055267333984375e+01
-7.873056793212890625e+01
-7.873058319091796875e+01
-7.873071289062500000e+01
-7.873067474365234375e+01
-7.873059082031250000e+01
-7.873062133789062500e+01
-7.873050689697265625e+01
-7.873052215576171875e+01
-7.873057556152343750e+01
-7.873088836669921875e+01
-7.873072052001953125e+01
-7.873074340820312500e+01
-7.873056030273437500e+01
-7.873069000244140625e+01
-7.873066711425781250e+01
-7.873057556152343750e+01
-7.873050689697265625e+01
-7.873069763183593750e+01
-7.873044586181640625e+01
-7.873050689697265625e+01
-7.873065948486328125e+01
-7.873076629638671875e+01
-7.873075866699218750e+01
-7.873062896728515625e+01
-7.873059844970703125e+01
-7.873068237304687500e+01
-7.873055267333984375e+01
-7.873046112060546875e+01
-7.873062133789062500e+01
-7.873073577880859375e+01
-7.873056793212890625e+01
-7.873056030273437500e+01
-7.873064422607421875e+01
-7.873055267333984375e+01
-7.873066711425781250e+01
-7.873053741455078125e+01
-7.873055267333984375e+01
-7.873065948486328125e+01
-7.873056030273437500e+01
-7.873055267333984375e+01
-7.873062896728515625e+01
-7.873043823242187500e+01
-7.873074340820312500e+01
-7.873075866699218750e+01
-7.873068237304687500e+01
-7.873056030273437500e+01
-7.873049163818359375e+01
-7.873053741455078125e+01
-7.873067474365234375e+01
-7.873074340820312500e+01
-7.873056793212890625e+01
-7.873045349121093750e+01
-7.873044586181640625e+01
-7.873052215576171875e+01
-7.873075103759765625e+01
-7.873086547851562500e+01
-7.873080444335937500e+01
-7.873058319091796875e+01
-7.873059844970703125e+01
-7.873053741455078125e+01
-7.873062896728515625e+01
-7.873065948486328125e+01
-7.873065185546875000e+01
-7.873049926757812500e+01
-7.873062133789062500e+01
-7.873065185546875000e+01
-7.873046875000000000e+01
-7.873044586181640625e+01
-7.873064422607421875e+01
-7.873054504394531250e+01
-7.873036956787109375e+01
-7.873050689697265625e+01
-7.873061370849609375e+01
-7.873046875000000000e+01
-7.873050689697265625e+01
-7.873057556152343750e+01
-7.873046112060546875e+01
-7.873069763183593750e+01
-7.873043060302734375e+01
-7.873040008544921875e+01
-7.873056030273437500e+01
-7.873061370849609375e+01
-7.873054504394531250e+01
-7.873076629638671875e+01
-7.873063659667968750e+01
-7.873042297363281250e+01
-7.873081207275390625e+01
-7.873064422607421875e+01
-7.873075103759765625e+01
-7.873066711425781250e+01
-7.873067474365234375e+01
-7.873074340820312500e+01
-7.873072052001953125e+01
-7.873065185546875000e+01
-7.873056793212890625e+01
-7.873061370849609375e+01
-7.873059082031250000e+01
-7.873055267333984375e+01
-7.873060607910156250e+01
-7.873065185546875000e+01
-7.873041534423828125e+01
-7.873066711425781250e+01
-7.873053741455078125e+01
-7.873049163818359375e+01
-7.873058319091796875e+01
-7.873052978515625000e+01
-7.873051452636718750e+01
-7.873071289062500000e+01
-7.873065948486328125e+01
-7.873057556152343750e+01
-7.873055267333984375e+01
-7.873069763183593750e+01
-7.873058319091796875e+01
-7.873070526123046875e+01
-7.873060607910156250e+01
-7.873065948486328125e+01
-7.873065948486328125e+01
-7.873049926757812500e+01
-7.873059082031250000e+01
-7.873040771484375000e+01
-7.873059844970703125e+01
-7.873045349121093750e+01
-7.873043060302734375e+01
-7.873061370849609375e+01
-7.873056793212890625e+01
-7.873049926757812500e+01
-7.873057556152343750e+01
-7.873065185546875000e+01
-7.873056030273437500e+01
-7.873057556152343750e+01
-7.873070526123046875e+01
-7.873065185546875000e+01
-7.873067474365234375e+01
-7.873049926757812500e+01
-7.873059082031250000e+01
-7.873045349121093750e+01
-7.873059844970703125e+01
-7.873048400878906250e+01
-7.873059844970703125e+01
-7.873061370849609375e+01
-7.873066711425781250e+01
-7.873054504394531250e+01
-7.873062896728515625e+01
-7.873049163818359375e+01
-7.873053741455078125e+01
-7.873064422607421875e+01
-7.873052978515625000e+01
-7.873048400878906250e+01
-7.873044586181640625e+01
-7.873062896728515625e+01
-7.873054504394531250e+01
-7.873036193847656250e+01
-7.873053741455078125e+01
-7.873065948486328125e+01
-7.873056793212890625e+01
-7.873051452636718750e+01
-7.873067474365234375e+01
-7.873055267333984375e+01
-7.873051452636718750e+01
-7.873049926757812500e+01
-7.873043060302734375e+01
-7.873054504394531250e+01
-7.873049163818359375e+01
-7.873046112060546875e+01
-7.873059082031250000e+01
-7.873053741455078125e+01
-7.873072814941406250e+01
-7.873046112060546875e+01
-7.873060607910156250e+01
-7.873060607910156250e+01
-7.873064422607421875e+01
-7.873046875000000000e+01
-7.873059844970703125e+01
-7.873047637939453125e+01
-7.873052215576171875e+01
-7.873049926757812500e+01
-7.873052215576171875e+01
-7.873058319091796875e+01
-7.873048400878906250e+01
-7.873060607910156250e+01
-7.873073577880859375e+01
-7.873047637939453125e+01
-7.873069000244140625e+01
-7.873063659667968750e+01
-7.873030853271484375e+01
-7.873057556152343750e+01
-7.873061370849609375e+01
-7.873051452636718750e+01
-7.873046112060546875e+01
-7.873052978515625000e+01
-7.873057556152343750e+01
-7.873069000244140625e+01
-7.873053741455078125e+01
-7.873066711425781250e+01
-7.873070526123046875e+01
-7.873050689697265625e+01
-7.873053741455078125e+01
-7.873040008544921875e+01
-7.873054504394531250e+01
-7.873065948486328125e+01
-7.873051452636718750e+01
-7.873069000244140625e+01
-7.873052978515625000e+01
-7.873052215576171875e+01
-7.873065185546875000e+01
-7.873044586181640625e+01
-7.873059844970703125e+01
-7.873041534423828125e+01
-7.873071289062500000e+01
-7.873052978515625000e+01
-7.873052978515625000e+01
-7.873061370849609375e+01
-7.873053741455078125e+01
-7.873059844970703125e+01
-7.873043823242187500e+01
-7.873065185546875000e+01
-7.873046875000000000e+01
-7.873062896728515625e+01
-7.873063659667968750e+01
-7.873043060302734375e+01
-7.873051452636718750e+01
-7.873062133789062500e+01
-7.873065948486328125e+01
-7.873057556152343750e+01
-7.873030853271484375e+01
-7.873062896728515625e+01
-7.873053741455078125e+01
-7.873050689697265625e+01
-7.873058319091796875e+01
-7.873059844970703125e+01
-7.873055267333984375e+01
-7.873049926757812500e+01
-7.873065948486328125e+01
-7.873071289062500000e+01
-7.873043060302734375e+01
-7.873066711425781250e+01
-7.873056793212890625e+01
-7.873062133789062500e+01
-7.873049163818359375e+01
-7.873041534423828125e+01
-7.873071289062500000e+01
-7.873045349121093750e+01
-7.873060607910156250e+01
-7.873033905029296875e+01
-7.873065948486328125e+01
-7.873049926757812500e+01
-7.873061370849609375e+01
-7.873069763183593750e+01
-7.873070526123046875e+01
-7.873056030273437500e+01
-7.873062133789062500e+01
-7.873062133789062500e+01
-7.873063659667968750e+01
-7.873046112060546875e+01
-7.873068237304687500e+01
-7.873043823242187500e+01
-7.873057556152343750e+01
-7.873046875000000000e+01
-7.873041534423828125e+01
-7.873066711425781250e+01
-7.873056030273437500e+01
-7.873062896728515625e+01
-7.873056030273437500e+01
-7.873045349121093750e+01
-7.873039245605468750e+01
-7.873046112060546875e+01
-7.873062133789062500e+01
-7.873043060302734375e+01
-7.873072052001953125e+01
-7.873069763183593750e+01
-7.873049163818359375e+01
-7.873078155517578125e+01
-7.873060607910156250e+01
-7.873055267333984375e+01
-7.873069000244140625e+01
-7.873068237304687500e+01
-7.873057556152343750e+01
-7.873043060302734375e+01
-7.873065948486328125e+01
-7.873056030273437500e+01
-7.873073577880859375e+01
-7.873057556152343750e+01
-7.873061370849609375e+01
-7.873056030273437500e+01
-7.873037719726562500e+01
-7.873059082031250000e+01
-7.873051452636718750e+01
-7.873049163818359375e+01
-7.873049163818359375e+01
-7.873073577880859375e+01
-7.873064422607421875e+01
-7.873081207275390625e+01
-7.873056793212890625e+01
-7.873055267333984375e+01
-7.873046112060546875e+01
-7.873061370849609375e+01
-7.873057556152343750e+01
-7.873057556152343750e+01
-7.873043060302734375e+01
-7.873041534423828125e+01
-7.873060607910156250e+01
-7.873059082031250000e+01
-7.873047637939453125e+01
-7.873063659667968750e+01
-7.873063659667968750e+01
-7.873068237304687500e+01
-7.873054504394531250e+01
-7.873060607910156250e+01
-7.873066711425781250e+01
-7.873060607910156250e+01
-7.873068237304687500e+01
-7.873057556152343750e+01
-7.873067474365234375e+01
-7.873059082031250000e+01
-7.873069000244140625e+01
-7.873061370849609375e+01
-7.873057556152343750e+01
-7.873062133789062500e+01
-7.873067474365234375e+01
-7.873065948486328125e+01
-7.873062896728515625e+01
-7.873055267333984375e+01
-7.873074340820312500e+01
-7.873059082031250000e+01
-7.873078918457031250e+01
-7.873061370849609375e+01
-7.873073577880859375e+01
-7.873085021972656250e+01
-7.873075866699218750e+01
-7.873058319091796875e+01
-7.873070526123046875e+01
-7.873052978515625000e+01
-7.873066711425781250e+01
-7.873063659667968750e+01
-7.873076629638671875e+01
-7.873064422607421875e+01
-7.873066711425781250e+01
-7.873062896728515625e+01
-7.873078155517578125e+01
-7.873061370849609375e+01
-7.873078918457031250e+01
-7.873072814941406250e+01
-7.873048400878906250e+01
-7.873049163818359375e+01
-7.873048400878906250e+01
-7.873052215576171875e+01
-7.873063659667968750e+01
-7.873057556152343750e+01
-7.873062133789062500e+01
-7.873051452636718750e+01
-7.873059844970703125e+01
-7.873055267333984375e+01
-7.873060607910156250e+01
-7.873076629638671875e+01
-7.873056793212890625e+01
-7.873062896728515625e+01
-7.873052215576171875e+01
-7.873058319091796875e+01
-7.873072814941406250e+01
-7.873074340820312500e+01
-7.873057556152343750e+01
-7.873078155517578125e+01
-7.873060607910156250e+01
-7.873065185546875000e+01
-7.873045349121093750e+01
-7.873050689697265625e+01
-7.873059844970703125e+01
-7.873069000244140625e+01
-7.873056030273437500e+01
-7.873056793212890625e+01
-7.873069000244140625e+01
-7.873046875000000000e+01
-7.873074340820312500e+01
-7.873064422607421875e+01
-7.873044586181640625e+01
-7.873073577880859375e+01
-7.873068237304687500e+01
-7.873062133789062500e+01
-7.873067474365234375e+01
-7.873069763183593750e+01
-7.873065948486328125e+01
-7.873070526123046875e+01
-7.873060607910156250e+01
-7.873062896728515625e+01
-7.873078155517578125e+01
-7.873048400878906250e+01
-7.873065185546875000e+01
-7.873052215576171875e+01
-7.873076629638671875e+01
-7.873052215576171875e+01
-7.873054504394531250e+01
-7.873062896728515625e+01
-7.873050689697265625e+01
-7.873056793212890625e+01
-7.873049163818359375e+01
-7.873067474365234375e+01
-7.873053741455078125e+01
-7.873080444335937500e+01
-7.873066711425781250e+01
-7.873046875000000000e+01
-7.873066711425781250e+01
-7.873049926757812500e+01
-7.873050689697265625e+01
-7.873054504394531250e+01
-7.873058319091796875e+01
-7.873046875000000000e+01
-7.873042297363281250e+01
-7.873064422607421875e+01
-7.873055267333984375e+01
-7.873054504394531250e+01
-7.873062896728515625e+01
-7.873063659667968750e+01
-7.873048400878906250e+01
-7.873065948486328125e+01
-7.873053741455078125e+01
-7.873069763183593750e+01
-7.873057556152343750e+01
-7.873052215576171875e+01
-7.873065185546875000e+01
-7.873049163818359375e+01
-7.873078918457031250e+01
-7.873050689697265625e+01
-7.873056030273437500e+01
-7.873078918457031250e+01
-7.873068237304687500e+01
-7.873069763183593750e+01
-7.873057556152343750e+01
-7.873056793212890625e+01
-7.873062133789062500e+01
-7.873069000244140625e+01
-7.873059082031250000e+01
-7.873056030273437500e+01
-7.873048400878906250e+01
-7.873060607910156250e+01
-7.873059844970703125e+01
-7.873067474365234375e+01
-7.873050689697265625e+01
-7.873071289062500000e+01
-7.873071289062500000e+01
-7.873058319091796875e+01
-7.873046875000000000e+01
-7.873076629638671875e+01
-7.873069000244140625e+01
-7.873048400878906250e+01
-7.873069000244140625e+01
-7.873061370849609375e+01
-7.873068237304687500e+01
-7.873067474365234375e+01
-7.873065948486328125e+01
-7.873081970214843750e+01
-7.873062896728515625e+01
-7.873081207275390625e+01
-7.873047637939453125e+01
-7.873049926757812500e+01
-7.873062896728515625e+01
-7.873066711425781250e+01
-7.873073577880859375e+01
-7.873069763183593750e+01
-7.873058319091796875e+01
-7.873073577880859375e+01
-7.873061370849609375e+01
-7.873084259033203125e+01
-7.873065185546875000e+01
-7.873049926757812500e+01
-7.873055267333984375e+01
-7.873064422607421875e+01
-7.873059082031250000e+01
-7.873056030273437500e+01
-7.873063659667968750e+01
-7.873059082031250000e+01
-7.873048400878906250e+01
-7.873074340820312500e+01
-7.873051452636718750e+01
-7.873069763183593750e+01
-7.873082733154296875e+01
-7.873052215576171875e+01
-7.873081970214843750e+01
-7.873046875000000000e+01
-7.873069000244140625e+01
-7.873053741455078125e+01
-7.873067474365234375e+01
-7.873058319091796875e+01
-7.873065185546875000e+01
-7.873075103759765625e+01
-7.873068237304687500e+01
-7.873075866699218750e+01
-7.873068237304687500e+01
-7.873072052001953125e+01
-7.873057556152343750e+01
-7.873042297363281250e+01
-7.873029327392578125e+01
-7.873041534423828125e+01
-7.873052978515625000e+01
-7.873058319091796875e+01
-7.873055267333984375e+01
-7.873061370849609375e+01
-7.873048400878906250e+01
-7.873048400878906250e+01
-7.873077392578125000e+01
-7.873052978515625000e+01
-7.873062896728515625e+01
-7.873055267333984375e+01
-7.873070526123046875e+01
-7.873055267333984375e+01
-7.873065948486328125e+01
-7.873062133789062500e+01
-7.873060607910156250e+01
-7.873061370849609375e+01
-7.873062896728515625e+01
-7.873055267333984375e+01
-7.873049163818359375e+01
-7.873050689697265625e+01
-7.873069000244140625e+01
-7.873066711425781250e+01
-7.873059844970703125e+01
-7.873054504394531250e+01
-7.873080444335937500e+01
-7.873059844970703125e+01
-7.873069000244140625e+01
-7.873049163818359375e+01
-7.873053741455078125e+01
-7.873057556152343750e+01
-7.873069763183593750e+01
-7.873067474365234375e+01
-7.873060607910156250e+01
-7.873054504394531250e+01
-7.873054504394531250e+01
-7.873052978515625000e+01
-7.873068237304687500e+01
-7.873059844970703125e+01
-7.873041534423828125e+01
-7.873069000244140625e+01
-7.873059082031250000e+01
-7.873066711425781250e+01
-7.873052978515625000e+01
-7.873065185546875000e+01
-7.873062133789062500e+01
-7.873065185546875000e+01
-7.873057556152343750e+01
-7.873042297363281250e+01
-7.873049926757812500e+01
-7.873062133789062500e+01
-7.873046875000000000e+01
-7.873055267333984375e+01
-7.873059082031250000e+01
-7.873059082031250000e+01
-7.873059082031250000e+01
-7.873063659667968750e+01
-7.873057556152343750e+01
-7.873049163818359375e+01
-7.873052215576171875e+01
-7.873059082031250000e+01
-7.873068237304687500e+01
-7.873062896728515625e+01
-7.873059844970703125e+01
-7.873063659667968750e+01
-7.873053741455078125e+01
-7.873062896728515625e+01
-7.873062133789062500e+01
-7.873073577880859375e+01
-7.873075866699218750e+01
-7.873069763183593750e+01
-7.873069000244140625e+01
-7.873065948486328125e+01
-7.873075103759765625e+01
-7.873069763183593750e+01
-7.873060607910156250e+01
-7.873059082031250000e+01
-7.873062133789062500e+01
-7.873054504394531250e+01
-7.873059844970703125e+01
-7.873056030273437500e+01
-7.873060607910156250e+01
-7.873096466064453125e+01
-7.873063659667968750e+01
-7.873054504394531250e+01
-7.873056793212890625e+01
-7.873055267333984375e+01
-7.873067474365234375e+01
-7.873065185546875000e+01
-7.873043060302734375e+01
-7.873049926757812500e+01
-7.873049926757812500e+01
-7.873059082031250000e+01
-7.873060607910156250e+01
-7.873058319091796875e+01
-7.873055267333984375e+01
-7.873063659667968750e+01
-7.873070526123046875e+01
-7.873057556152343750e+01
-7.873049163818359375e+01
-7.873052978515625000e+01
-7.873069000244140625e+01
-7.873061370849609375e+01
-7.873049926757812500e+01
-7.873060607910156250e+01
-7.873081207275390625e+01
-7.873058319091796875e+01
-7.873065185546875000e+01
-7.873062133789062500e+01
-7.873061370849609375e+01
-7.873055267333984375e+01
-7.873045349121093750e+01
-7.873062133789062500e+01
-7.873052215576171875e+01
-7.873065948486328125e+01
-7.873049926757812500e+01
-7.873066711425781250e+01
-7.873062896728515625e+01
-7.873068237304687500e+01
-7.873054504394531250e+01
-7.873052978515625000e+01
-7.873071289062500000e+01
-7.873056030273437500e+01
-7.873060607910156250e+01
-7.873044586181640625e+01
-7.873064422607421875e+01
-7.873066711425781250e+01
-7.873047637939453125e+01
-7.873066711425781250e+01
-7.873040771484375000e+01
-7.873056030273437500e+01
-7.873044586181640625e+01
-7.873048400878906250e+01
-7.873061370849609375e+01
-7.873052215576171875e+01
-7.873045349121093750e+01
-7.873059844970703125e+01
-7.873069763183593750e+01
-7.873062133789062500e+01
-7.873062133789062500e+01
-7.873072052001953125e+01
-7.873061370849609375e+01
-7.873042297363281250e+01
-7.873055267333984375e+01
-7.873072052001953125e+01
-7.873069763183593750e+01
-7.873054504394531250e+01
-7.873052215576171875e+01
-7.873064422607421875e+01
-7.873057556152343750e+01
-7.873049163818359375e+01
-7.873045349121093750e+01
-7.873040008544921875e+01
-7.873063659667968750e+01
-7.873042297363281250e+01
-7.873054504394531250e+01
-7.873067474365234375e+01
-7.873057556152343750e+01
-7.873074340820312500e+01
-7.873045349121093750e+01
-7.873060607910156250e+01
-7.873061370849609375e+01
-7.873044586181640625e+01
-7.873051452636718750e+01
-7.873062133789062500e+01
-7.873052215576171875e+01
-7.873061370849609375e+01
-7.873064422607421875e+01
-7.873059082031250000e+01
-7.873070526123046875e+01
-7.873061370849609375e+01
-7.873062896728515625e+01
-7.873062133789062500e+01
-7.873078918457031250e+01
-7.873056793212890625e+01
-7.873061370849609375e+01
-7.873078155517578125e+01
-7.873065948486328125e+01
-7.873069000244140625e+01
-7.873055267333984375e+01
-7.873043060302734375e+01
-7.873072814941406250e+01
-7.873062896728515625e+01
-7.873072814941406250e+01
-7.873040771484375000e+01
-7.873055267333984375e+01
-7.873066711425781250e+01
-7.873069000244140625e+01
-7.873062896728515625e+01
-7.873059082031250000e+01
-7.873078155517578125e+01
-7.873056030273437500e+01
-7.873056793212890625e+01
-7.873065185546875000e+01
-7.873045349121093750e+01
-7.873073577880859375e+01
-7.873069763183593750e+01
-7.873056030273437500e+01
-7.873044586181640625e+01
-7.873062896728515625e+01
-7.873060607910156250e+01
-7.873050689697265625e+01
-7.873059844970703125e+01
-7.873071289062500000e+01
-7.873061370849609375e+01
-7.873063659667968750e+01
-7.873068237304687500e+01
-7.873050689697265625e+01
-7.873053741455078125e+01
-7.873056793212890625e+01
-7.873049163818359375e+01
-7.873041534423828125e+01
-7.873049163818359375e+01
-7.873058319091796875e+01
-7.873079681396484375e+01
-7.873052215576171875e+01
-7.873058319091796875e+01
-7.873053741455078125e+01
-7.873057556152343750e+01
-7.873053741455078125e+01
-7.873058319091796875e+01
-7.873059844970703125e+01
-7.873075866699218750e+01
-7.873054504394531250e+01
-7.873057556152343750e+01
-7.873046112060546875e+01
-7.873072052001953125e+01
-7.873067474365234375e+01
-7.873049926757812500e+01
-7.873052215576171875e+01
-7.873060607910156250e+01
-7.873062896728515625e+01
-7.873063659667968750e+01
-7.873054504394531250e+01
-7.873081207275390625e+01
-7.873069763183593750e+01
-7.873056030273437500e+01
-7.873052215576171875e+01
-7.873062896728515625e+01
-7.873058319091796875e+01
-7.873059844970703125e+01
-7.873073577880859375e+01
-7.873059844970703125e+01
-7.873073577880859375e+01
-7.873056793212890625e+01
-7.873066711425781250e+01
-7.873056793212890625e+01
-7.873065948486328125e+01
-7.873059844970703125e+01
-7.873062896728515625e+01
-7.873063659667968750e+01
-7.873078155517578125e+01
-7.873066711425781250e+01
-7.873064422607421875e+01
-7.873056030273437500e+01
-7.873043823242187500e+01
-7.873062896728515625e+01
-7.873060607910156250e+01
-7.873069763183593750e+01
-7.873031616210937500e+01
-7.873061370849609375e+01
-7.873070526123046875e+01
-7.873057556152343750e+01
-7.873056030273437500e+01
-7.873061370849609375e+01
-7.873054504394531250e+01
-7.873057556152343750e+01
-7.873049926757812500e+01
-7.873046875000000000e+01
-7.873052978515625000e+01
-7.873051452636718750e+01
-7.873055267333984375e+01
-7.873055267333984375e+01
-7.873064422607421875e+01
-7.873057556152343750e+01
-7.873047637939453125e+01
-7.873047637939453125e+01
-7.873078918457031250e+01
-7.873046112060546875e+01
-7.873042297363281250e+01
-7.873040771484375000e+01
-7.873060607910156250e+01
-7.873047637939453125e+01
-7.873060607910156250e+01
-7.873049926757812500e+01
-7.873064422607421875e+01
-7.873018646240234375e+01
-7.873068237304687500e+01
-7.873066711425781250e+01
-7.873051452636718750e+01
-7.873078918457031250e+01
-7.873069000244140625e+01
-7.873056793212890625e+01
-7.873075103759765625e+01
-7.873049163818359375e+01
-7.873058319091796875e+01
-7.873060607910156250e+01
-7.873069763183593750e+01
-7.873054504394531250e+01
-7.873062896728515625e+01
-7.873064422607421875e+01
-7.873070526123046875e+01
-7.873046112060546875e+01
-7.873058319091796875e+01
-7.873051452636718750e+01
-7.873054504394531250e+01
-7.873058319091796875e+01
-7.873060607910156250e+01
-7.873042297363281250e+01
-7.873054504394531250e+01
-7.873064422607421875e+01
-7.873057556152343750e+01
-7.873061370849609375e+01
-7.873050689697265625e+01
-7.873041534423828125e+01
-7.873045349121093750e+01
-7.873057556152343750e+01
-7.873065948486328125e+01
-7.873040008544921875e+01
-7.873065948486328125e+01
-7.873034667968750000e+01
-7.873059844970703125e+01
-7.873040008544921875e+01
-7.873065185546875000e+01
-7.873043060302734375e+01
-7.873040771484375000e+01
-7.873050689697265625e+01
-7.873038482666015625e+01
-7.873054504394531250e+01
-7.873060607910156250e+01
-7.873069000244140625e+01
-7.873054504394531250e+01
-7.873057556152343750e+01
-7.873057556152343750e+01
-7.873034667968750000e+01
-7.873063659667968750e+01
-7.873069000244140625e+01
-7.873045349121093750e+01
-7.873059082031250000e+01
-7.873053741455078125e+01
-7.873060607910156250e+01
-7.873056793212890625e+01
-7.873048400878906250e+01
-7.873065185546875000e+01
-7.873063659667968750e+01
-7.873068237304687500e+01
-7.873054504394531250e+01
-7.873050689697265625e+01
-7.873062133789062500e+01
-7.873061370849609375e+01
-7.873067474365234375e+01
-7.873050689697265625e+01
-7.873070526123046875e+01
-7.873072814941406250e+01
-7.873041534423828125e+01
-7.873062133789062500e+01
-7.873062896728515625e+01
-7.873069000244140625e+01
-7.873069000244140625e+01
-7.873055267333984375e+01
-7.873068237304687500e+01
-7.873065185546875000e+01
-7.873071289062500000e+01
-7.873056030273437500e+01
-7.873059082031250000e+01
-7.873056793212890625e+01
-7.873056793212890625e+01
-7.873045349121093750e+01
-7.873055267333984375e+01
-7.873068237304687500e+01
-7.873056793212890625e+01
-7.873067474365234375e+01
-7.873052215576171875e+01
-7.873063659667968750e+01
-7.873060607910156250e+01
-7.873055267333984375e+01
-7.873066711425781250e+01
-7.873055267333984375e+01
-7.873055267333984375e+01
-7.873057556152343750e+01
-7.873069763183593750e+01
-7.873057556152343750e+01
-7.873049926757812500e+01
-7.873058319091796875e+01
-7.873049926757812500e+01
-7.873048400878906250e+01
-7.873076629638671875e+01
-7.873063659667968750e+01
-7.873062896728515625e+01
-7.873057556152343750e+01
-7.873062896728515625e+01
-7.873073577880859375e+01
-7.873070526123046875e+01
-7.873056793212890625e+01
-7.873082733154296875e+01
-7.873054504394531250e+01
-7.873061370849609375e+01
-7.873049163818359375e+01
-7.873063659667968750e+01
-7.873058319091796875e+01
-7.873071289062500000e+01
-7.873052215576171875e+01
-7.873067474365234375e+01
-7.873049926757812500e+01
-7.873061370849609375e+01
-7.873067474365234375e+01
-7.873059082031250000e+01
-7.873067474365234375e+01
-7.873056030273437500e+01
-7.873062133789062500e+01
-7.873054504394531250e+01
-7.873058319091796875e+01
-7.873049926757812500e+01
-7.873063659667968750e+01
-7.873072814941406250e+01
-7.873055267333984375e+01
-7.873060607910156250e+01
-7.873048400878906250e+01
-7.873063659667968750e+01
-7.873060607910156250e+01
-7.873064422607421875e+01
-7.873069000244140625e+01
-7.873065948486328125e+01
-7.873069000244140625e+01
-7.873072814941406250e+01
-7.873055267333984375e+01
-7.873071289062500000e+01
-7.873063659667968750e+01
-7.873057556152343750e+01
-7.873071289062500000e+01
-7.873075103759765625e+01
-7.873074340820312500e+01
-7.873069763183593750e+01
-7.873052215576171875e+01
-7.873061370849609375e+01
-7.873049926757812500e+01
-7.873078918457031250e+01
-7.873043060302734375e+01
-7.873061370849609375e+01
-7.873078918457031250e+01
-7.873058319091796875e+01
-7.873059844970703125e+01
-7.873067474365234375e+01
-7.873059844970703125e+01
-7.873054504394531250e+01
-7.873067474365234375e+01
-7.873055267333984375e+01
-7.873063659667968750e+01
-7.873059082031250000e+01
-7.873076629638671875e+01
-7.873061370849609375e+01
-7.873048400878906250e+01
-7.873059082031250000e+01
-7.873069763183593750e+01
-7.873078918457031250e+01
-7.873057556152343750e+01
-7.873057556152343750e+01
-7.873071289062500000e+01
-7.873071289062500000e+01
-7.873051452636718750e+01
-7.873069000244140625e+01
-7.873058319091796875e+01
-7.873081207275390625e+01
-7.873067474365234375e+01
-7.873075103759765625e+01
-7.873059844970703125e+01
-7.873057556152343750e+01
-7.873059844970703125e+01
-7.873069763183593750e+01
-7.873058319091796875e+01
-7.873058319091796875e+01
-7.873056793212890625e+01
-7.873072814941406250e+01
-7.873039245605468750e+01
-7.873068237304687500e+01
-7.873057556152343750e+01
-7.873081970214843750e+01
-7.873068237304687500e+01
-7.873049926757812500e+01
-7.873059844970703125e+01
-7.873043060302734375e+01
-7.873057556152343750e+01
-7.873054504394531250e+01
-7.873065948486328125e+01
-7.873070526123046875e+01
-7.873063659667968750e+01
-7.873068237304687500e+01
-7.873056030273437500e+01
-7.873064422607421875e+01
-7.873052215576171875e+01
-7.873065185546875000e+01
-7.873075866699218750e+01
-7.873053741455078125e+01
-7.873074340820312500e+01
-7.873064422607421875e+01
-7.873059082031250000e+01
-7.873069000244140625e+01
-7.873059844970703125e+01
-7.873072052001953125e+01
-7.873062896728515625e+01
-7.873058319091796875e+01
-7.873045349121093750e+01
-7.873055267333984375e+01
-7.873052978515625000e+01
-7.873059844970703125e+01
-7.873050689697265625e+01
-7.873056793212890625e+01
-7.873052978515625000e+01
-7.873057556152343750e+01
-7.873074340820312500e+01
-7.873049163818359375e+01
-7.873076629638671875e+01
-7.873073577880859375e+01
-7.873053741455078125e+01
-7.873066711425781250e+01
-7.873080444335937500e+01
-7.873069000244140625e+01
-7.873077392578125000e+01
-7.873072052001953125e+01
-7.873060607910156250e+01
-7.873065185546875000e+01
-7.873059844970703125e+01
-7.873054504394531250e+01
-7.873063659667968750e+01
-7.873055267333984375e+01
-7.873055267333984375e+01
-7.873050689697265625e+01
-7.873068237304687500e+01
-7.873065948486328125e+01
-7.873084259033203125e+01
-7.873071289062500000e+01
-7.873044586181640625e+01
-7.873057556152343750e+01
-7.873069763183593750e+01
-7.873056030273437500e+01
-7.873078155517578125e+01
-7.873060607910156250e+01
-7.873063659667968750e+01
-7.873052215576171875e+01
-7.873052978515625000e+01
-7.873065185546875000e+01
-7.873062133789062500e+01
-7.873076629638671875e+01
-7.873069763183593750e+01
-7.873066711425781250e+01
-7.873064422607421875e+01
-7.873066711425781250e+01
-7.873057556152343750e+01
-7.873054504394531250e+01
-7.873064422607421875e+01
-7.873069000244140625e+01
-7.873083496093750000e+01
-7.873052215576171875e+01
-7.873072052001953125e+01
-7.873066711425781250e+01
-7.873052978515625000e+01
-7.873075866699218750e+01
-7.873079681396484375e+01
-7.873063659667968750e+01
-7.873065948486328125e+01
-7.873062133789062500e+01
-7.873065185546875000e+01
-7.873056030273437500e+01
-7.873076629638671875e+01
-7.873055267333984375e+01
-7.873063659667968750e+01
-7.873063659667968750e+01
-7.873072052001953125e+01
-7.873060607910156250e+01
-7.873054504394531250e+01
-7.873063659667968750e+01
-7.873068237304687500e+01
-7.873050689697265625e+01
-7.873042297363281250e+01
-7.873058319091796875e+01
-7.873065185546875000e+01
-7.873065185546875000e+01
-7.873067474365234375e+01
-7.873058319091796875e+01
-7.873079681396484375e+01
-7.873062133789062500e+01
-7.873070526123046875e+01
-7.873062896728515625e+01
-7.873068237304687500e+01
-7.873056030273437500e+01
-7.873074340820312500e+01
-7.873066711425781250e+01
-7.873062133789062500e+01
-7.873071289062500000e+01
-7.873071289062500000e+01
-7.873069763183593750e+01
-7.873048400878906250e+01
-7.873055267333984375e+01
-7.873058319091796875e+01
-7.873087310791015625e+01
-7.873065948486328125e+01
-7.873065185546875000e+01
-7.873069000244140625e+01
-7.873072052001953125e+01
-7.873065948486328125e+01
-7.873058319091796875e+01
-7.873049926757812500e+01
-7.873058319091796875e+01
-7.873055267333984375e+01
-7.873077392578125000e+01
-7.873069763183593750e+01
-7.873047637939453125e+01
-7.873066711425781250e+01
-7.873077392578125000e+01
-7.873078155517578125e+01
-7.873062133789062500e+01
-7.873067474365234375e+01
-7.873061370849609375e+01
-7.873061370849609375e+01
-7.873052978515625000e+01
-7.873058319091796875e+01
-7.873077392578125000e+01
-7.873072052001953125e+01
-7.873056793212890625e+01
-7.873062896728515625e+01
-7.873063659667968750e+01
-7.873060607910156250e+01
-7.873074340820312500e+01
-7.873066711425781250e+01
-7.873074340820312500e+01
-7.873059844970703125e+01
-7.873060607910156250e+01
-7.873078918457031250e+01
-7.873071289062500000e+01
-7.873050689697265625e+01
-7.873057556152343750e+01
-7.873058319091796875e+01
-7.873053741455078125e+01
-7.873075103759765625e+01
-7.873062133789062500e+01
-7.873064422607421875e+01
-7.873071289062500000e+01
-7.873058319091796875e+01
-7.873070526123046875e+01
-7.873068237304687500e+01
-7.873065185546875000e+01
-7.873043823242187500e+01
-7.873059082031250000e+01
-7.873072814941406250e+01
-7.873075103759765625e+01
-7.873049163818359375e+01
-7.873041534423828125e+01
-7.873056793212890625e+01
-7.873064422607421875e+01
-7.873070526123046875e+01
-7.873062133789062500e+01
-7.873066711425781250e+01
-7.873052215576171875e+01
-7.873052215576171875e+01
-7.873057556152343750e+01
-7.873065948486328125e+01
-7.873065185546875000e+01
-7.873069000244140625e+01
