-4.092803955078125000e+01
-5.152241134643554688e+01
-5.334278869628906250e+01
-5.614556503295898438e+01
-5.477178955078125000e+01
-6.009472274780273438e+01
-5.292933654785156250e+01
-5.955440521240234375e+01
-5.532447814941406250e+01
-5.921319580078125000e+01
-6.176573181152343750e+01
-6.417222595214843750e+01
-6.403096008300781250e+01
-6.496293640136718750e+01
-6.744212341308593750e+01
-6.690727233886718750e+01
-6.502107238769531250e+01
-6.870658111572265625e+01
-7.008309936523437500e+01
-7.140657043457031250e+01
-7.265551757812500000e+01
-7.266978454589843750e+01
-7.372373962402343750e+01
-7.520560455322265625e+01
-7.092769622802734375e+01
-7.127938079833984375e+01
-7.412306213378906250e+01
-7.500785064697265625e+01
-7.501216888427734375e+01
-7.503649902343750000e+01
-7.572763061523437500e+01
-7.631521606445312500e+01
-7.583731842041015625e+01
-7.643883514404296875e+01
-7.670551300048828125e+01
-7.727675628662109375e+01
-7.735948944091796875e+01
-7.747572326660156250e+01
-7.768215179443359375e+01
-7.775296783447265625e+01
-7.782888793945312500e+01
-7.790731811523437500e+01
-7.802462005615234375e+01
-7.819747161865234375e+01
-7.827641296386718750e+01
-7.837630462646484375e+01
-7.831919097900390625e+01
-7.840038299560546875e+01
-7.846077728271484375e+01
-7.842127990722656250e+01
-7.839885711669921875e+01
-7.847172546386718750e+01
-7.852423095703125000e+01
-7.852791595458984375e+01
-7.853858947753906250e+01
-7.856159210205078125e+01
-7.856849670410156250e+01
-7.856038665771484375e+01
-7.858054351806640625e+01
-7.859337615966796875e+01
-7.861903381347656250e+01
-7.863912200927734375e+01
-7.863662719726562500e+01
-7.863539886474609375e+01
-7.864501953125000000e+01
-7.865494537353515625e+01
-7.865981292724609375e+01
-7.866635894775390625e+01
-7.867015075683593750e+01
-7.866967773437500000e+01
-7.867380523681640625e+01
-7.867668914794921875e+01
-7.868228149414062500e+01
-7.867774200439453125e+01
-7.868329620361328125e+01
-7.868785095214843750e+01
-7.869271087646484375e+01
-7.869170379638671875e+01
-7.869276428222656250e+01
-7.869018554687500000e+01
-7.868762969970703125e+01
-7.868271636962890625e+01
-7.867115020751953125e+01
-7.864990234375000000e+01
-7.861687469482421875e+01
-7.857347106933593750e+01
-7.853295898437500000e+01
-7.853491973876953125e+01
-7.860823059082031250e+01
-7.869195556640625000e+01
-7.868865966796875000e+01
-7.864007568359375000e+01
-7.865872192382812500e+01
-7.870502471923828125e+01
-7.868229675292968750e+01
-7.867079162597656250e+01
-7.870342254638671875e+01
-7.869260406494140625e+01
-7.868381500244140625e+01
-7.870568847656250000e+01
-7.869654083251953125e+01
-7.869285583496093750e+01
-7.870632171630859375e+01
-7.869946289062500000e+01
-7.869800567626953125e+01
-7.870639801025390625e+01
-7.870303344726562500e+01
-7.870028686523437500e+01
-7.870709991455078125e+01
-7.870610809326171875e+01
-7.870187377929687500e+01
-7.870790100097656250e+01
-7.870790863037109375e+01
-7.870401000976562500e+01
-7.870784759521484375e+01
-7.870899200439453125e+01
-7.870679473876953125e+01
-7.870751190185546875e+01
-7.870994567871093750e+01
-7.870879364013671875e+01
-7.870780944824218750e+01
-7.871023559570312500e+01
-7.871005249023437500e+01
-7.870870208740234375e+01
-7.870997619628906250e+01
-7.871062469482421875e+01
-7.871007537841796875e+01
-7.871000671386718750e+01
-7.871100616455078125e+01
-7.871102142333984375e+01
-7.871047973632812500e+01
-7.871112823486328125e+01
-7.871147918701171875e+01
-7.871115875244140625e+01
-7.871135711669921875e+01
-7.871165466308593750e+01
-7.871202850341796875e+01
-7.871160888671875000e+01
-7.871189117431640625e+01
-7.871237945556640625e+01
-7.871224212646484375e+01
-7.871224212646484375e+01
-7.871245574951171875e+01
-7.871260833740234375e+01
-7.871269989013671875e+01
-7.871270751953125000e+01
-7.871277618408203125e+01
-7.871295166015625000e+01
-7.871292877197265625e+01
-7.871320343017578125e+01
-7.871332550048828125e+01
-7.871334838867187500e+01
-7.871347045898437500e+01
-7.871347045898437500e+01
-7.871369934082031250e+01
-7.871369934082031250e+01
-7.871364593505859375e+01
-7.871378326416015625e+01
-7.871392822265625000e+01
-7.871395111083984375e+01
-7.871401977539062500e+01
-7.871423339843750000e+01
-7.871441650390625000e+01
-7.871430969238281250e+01
-7.871450805664062500e+01
-7.871445465087890625e+01
-7.871463775634765625e+01
-7.871469116210937500e+01
-7.871490478515625000e+01
-7.871479034423828125e+01
-7.871501922607421875e+01
-7.871483612060546875e+01
-7.871496582031250000e+01
-7.871511077880859375e+01
-7.871513366699218750e+01
-7.871517944335937500e+01
-7.871527099609375000e+01
-7.871527862548828125e+01
-7.871518707275390625e+01
-7.871536254882812500e+01
-7.871549987792968750e+01
-7.871547698974609375e+01
-7.871557617187500000e+01
-7.871572113037109375e+01
-7.871575927734375000e+01
-7.871588134765625000e+01
-7.871583557128906250e+01
-7.871580505371093750e+01
-7.871593475341796875e+01
-7.871601867675781250e+01
-7.871585845947265625e+01
-7.871592712402343750e+01
-7.871578979492187500e+01
-7.871599578857421875e+01
-7.871603393554687500e+01
-7.871588134765625000e+01
-7.871614837646484375e+01
-7.871612548828125000e+01
-7.871612548828125000e+01
-7.871608734130859375e+01
-7.871615600585937500e+01
-7.871607208251953125e+01
-7.871616363525390625e+01
-7.871614837646484375e+01
-7.871636962890625000e+01
-7.871620178222656250e+01
-7.871623229980468750e+01
-7.871628570556640625e+01
-7.871609497070312500e+01
-7.871616363525390625e+01
-7.871638488769531250e+01
-7.871618652343750000e+01
-7.871642303466796875e+01
-7.871639251708984375e+01
-7.871644592285156250e+01
-7.871637725830078125e+01
-7.871641540527343750e+01
-7.871643829345703125e+01
-7.871636962890625000e+01
-7.871630859375000000e+01
-7.871646881103515625e+01
-7.871637725830078125e+01
-7.871635437011718750e+01
-7.871638488769531250e+01
-7.871633148193359375e+01
-7.871650695800781250e+01
-7.871649932861328125e+01
-7.871633148193359375e+01
-7.871645355224609375e+01
-7.871651458740234375e+01
-7.871653747558593750e+01
-7.871646118164062500e+01
-7.871648406982421875e+01
-7.871646118164062500e+01
-7.871638488769531250e+01
-7.871647644042968750e+01
-7.871656036376953125e+01
-7.871646881103515625e+01
-7.871656799316406250e+01
-7.871649932861328125e+01
-7.871663665771484375e+01
-7.871654510498046875e+01
-7.871653747558593750e+01
-7.871652221679687500e+01
-7.871652984619140625e+01
-7.871667480468750000e+01
-7.871665191650390625e+01
-7.871660614013671875e+01
-7.871660614013671875e+01
-7.871656799316406250e+01
-7.871649932861328125e+01
-7.871674346923828125e+01
-7.871656036376953125e+01
-7.871659851074218750e+01
-7.871672058105468750e+01
-7.871659851074218750e+01
-7.871665191650390625e+01
-7.871652984619140625e+01
-7.871665954589843750e+01
-7.871657562255859375e+01
-7.871681976318359375e+01
-7.871666717529296875e+01
-7.871657562255859375e+01
-7.871661376953125000e+01
-7.871656036376953125e+01
-7.871668243408203125e+01
-7.871659088134765625e+01
-7.871653747558593750e+01
-7.871644592285156250e+01
-7.871648406982421875e+01
-7.871671295166015625e+01
-7.871657562255859375e+01
-7.871672821044921875e+01
-7.871676635742187500e+01
-7.871655273437500000e+01
-7.871664428710937500e+01
-7.871672058105468750e+01
-7.871673583984375000e+01
-7.871648406982421875e+01
-7.871666717529296875e+01
-7.871669769287109375e+01
-7.871664428710937500e+01
-7.871662139892578125e+01
-7.871667480468750000e+01
-7.871665191650390625e+01
-7.871679687500000000e+01
-7.871655273437500000e+01
-7.871672821044921875e+01
-7.871660614013671875e+01
-7.871681213378906250e+01
-7.871673583984375000e+01
-7.871654510498046875e+01
-7.871676635742187500e+01
-7.871660614013671875e+01
-7.871680450439453125e+01
-7.871678924560546875e+01
-7.871661376953125000e+01
-7.871689605712890625e+01
-7.871671295166015625e+01
-7.871681976318359375e+01
-7.871672821044921875e+01
-7.871678924560546875e+01
-7.871664428710937500e+01
-7.871677398681640625e+01
-7.871671295166015625e+01
-7.871671295166015625e+01
-7.871660614013671875e+01
-7.871681213378906250e+01
-7.871675872802734375e+01
-7.871692657470703125e+01
-7.871664428710937500e+01
-7.871672821044921875e+01
-7.871684265136718750e+01
-7.871667480468750000e+01
-7.871668243408203125e+01
-7.871672821044921875e+01
-7.871676635742187500e+01
-7.871669006347656250e+01
-7.871663665771484375e+01
-7.871678161621093750e+01
-7.871674346923828125e+01
-7.871672821044921875e+01
-7.871657562255859375e+01
-7.871665954589843750e+01
-7.871669769287109375e+01
-7.871688079833984375e+01
-7.871681213378906250e+01
-7.871681213378906250e+01
-7.871668243408203125e+01
-7.871667480468750000e+01
-7.871681213378906250e+01
-7.871685791015625000e+01
-7.871669006347656250e+01
-7.871681213378906250e+01
-7.871679687500000000e+01
-7.871685791015625000e+01
-7.871673583984375000e+01
-7.871690368652343750e+01
-7.871688079833984375e+01
-7.871678161621093750e+01
-7.871675109863281250e+01
-7.871676635742187500e+01
-7.871677398681640625e+01
-7.871678161621093750e+01
-7.871667480468750000e+01
-7.871677398681640625e+01
-7.871681213378906250e+01
-7.871682739257812500e+01
-7.871677398681640625e+01
-7.871688079833984375e+01
-7.871688842773437500e+01
-7.871687316894531250e+01
-7.871672821044921875e+01
-7.871694183349609375e+01
-7.871675872802734375e+01
-7.871667480468750000e+01
-7.871678924560546875e+01
-7.871690368652343750e+01
-7.871678161621093750e+01
-7.871670532226562500e+01
-7.871675109863281250e+01
-7.871678161621093750e+01
-7.871677398681640625e+01
-7.871685791015625000e+01
-7.871691894531250000e+01
-7.871688079833984375e+01
-7.871687316894531250e+01
-7.871669006347656250e+01
-7.871681976318359375e+01
-7.871684265136718750e+01
-7.871675109863281250e+01
-7.871695709228515625e+01
-7.871694183349609375e+01
-7.871703338623046875e+01
-7.871681976318359375e+01
-7.871682739257812500e+01
-7.871679687500000000e+01
-7.871687316894531250e+01
-7.871682739257812500e+01
-7.871685028076171875e+01
-7.871683502197265625e+01
-7.871694946289062500e+01
-7.871678161621093750e+01
-7.871691131591796875e+01
-7.871714019775390625e+01
-7.871688842773437500e+01
-7.871701049804687500e+01
-7.871673583984375000e+01
-7.871699523925781250e+01
-7.871698760986328125e+01
-7.871688079833984375e+01
-7.871703338623046875e+01
-7.871684265136718750e+01
-7.871688842773437500e+01
-7.871701049804687500e+01
-7.871679687500000000e+01
-7.871703338623046875e+01
-7.871700286865234375e+01
-7.871690368652343750e+01
-7.871703338623046875e+01
-7.871698760986328125e+01
-7.871675109863281250e+01
-7.871712493896484375e+01
-7.871689605712890625e+01
-7.871694183349609375e+01
-7.871703338623046875e+01
-7.871681976318359375e+01
-7.871695709228515625e+01
-7.871687316894531250e+01
-7.871705627441406250e+01
-7.871701812744140625e+01
-7.871689605712890625e+01
-7.871717834472656250e+01
-7.871711730957031250e+01
-7.871705627441406250e+01
-7.871710205078125000e+01
-7.871720123291015625e+01
-7.871709442138671875e+01
-7.871700286865234375e+01
-7.871697235107421875e+01
-7.871721649169921875e+01
-7.871712493896484375e+01
-7.871710968017578125e+01
-7.871726989746093750e+01
-7.871717834472656250e+01
-7.871713256835937500e+01
-7.871710968017578125e+01
-7.871717071533203125e+01
-7.871696472167968750e+01
-7.871720123291015625e+01
-7.871724700927734375e+01
-7.871720123291015625e+01
-7.871728515625000000e+01
-7.871711730957031250e+01
-7.871710205078125000e+01
-7.871714782714843750e+01
-7.871718597412109375e+01
-7.871718597412109375e+01
-7.871722412109375000e+01
-7.871716308593750000e+01
-7.871734619140625000e+01
-7.871711730957031250e+01
-7.871724700927734375e+01
-7.871736145019531250e+01
-7.871721649169921875e+01
-7.871731567382812500e+01
-7.871736145019531250e+01
-7.871744537353515625e+01
-7.871726226806640625e+01
-7.871737670898437500e+01
-7.871726989746093750e+01
-7.871730804443359375e+01
-7.871743011474609375e+01
-7.871740722656250000e+01
-7.871749877929687500e+01
-7.871737670898437500e+01
-7.871738433837890625e+01
-7.871756744384765625e+01
-7.871745300292968750e+01
-7.871750640869140625e+01
-7.871764373779296875e+01
-7.871756744384765625e+01
-7.871759796142578125e+01
-7.871762847900390625e+01
-7.871754455566406250e+01
-7.871759033203125000e+01
-7.871778106689453125e+01
-7.871781158447265625e+01
-7.871774291992187500e+01
-7.871777343750000000e+01
-7.871771240234375000e+01
-7.871778869628906250e+01
-7.871770477294921875e+01
-7.871778869628906250e+01
-7.871773529052734375e+01
-7.871770477294921875e+01
-7.871786499023437500e+01
-7.871764373779296875e+01
-7.871781921386718750e+01
-7.871786499023437500e+01
-7.871790313720703125e+01
-7.871788024902343750e+01
-7.871775817871093750e+01
-7.871797180175781250e+01
-7.871803283691406250e+01
-7.871804046630859375e+01
-7.871802520751953125e+01
-7.871797943115234375e+01
-7.871795654296875000e+01
-7.871797180175781250e+01
-7.871804809570312500e+01
-7.871807098388671875e+01
-7.871800231933593750e+01
-7.871827697753906250e+01
-7.871820831298828125e+01
-7.871813964843750000e+01
-7.871811676025390625e+01
-7.871823883056640625e+01
-7.871815490722656250e+01
-7.871820831298828125e+01
-7.871832275390625000e+01
-7.871833801269531250e+01
-7.871832275390625000e+01
-7.871848297119140625e+01
-7.871830749511718750e+01
-7.871845245361328125e+01
-7.871846771240234375e+01
-7.871836853027343750e+01
-7.871858978271484375e+01
-7.871847534179687500e+01
-7.871856689453125000e+01
-7.871862030029296875e+01
-7.871861267089843750e+01
-7.871842193603515625e+01
-7.871848297119140625e+01
-7.871862792968750000e+01
-7.871868896484375000e+01
-7.871852111816406250e+01
-7.871875000000000000e+01
-7.871874237060546875e+01
-7.871875762939453125e+01
-7.871884155273437500e+01
-7.871892547607421875e+01
-7.871877288818359375e+01
-7.871891784667968750e+01
-7.871909332275390625e+01
-7.871894073486328125e+01
-7.871887207031250000e+01
-7.871903228759765625e+01
-7.871891784667968750e+01
-7.871898651123046875e+01
-7.871900177001953125e+01
-7.871897888183593750e+01
-7.871904754638671875e+01
-7.871891784667968750e+01
-7.871903228759765625e+01
-7.871921539306640625e+01
-7.871913909912109375e+01
-7.871903991699218750e+01
-7.871925354003906250e+01
-7.871917724609375000e+01
-7.871937561035156250e+01
-7.871917724609375000e+01
-7.871933746337890625e+01
-7.871924591064453125e+01
-7.871932220458984375e+01
-7.871928405761718750e+01
-7.871946716308593750e+01
-7.871941375732421875e+01
-7.871950531005859375e+01
-7.871947479248046875e+01
-7.871943664550781250e+01
-7.871961975097656250e+01
-7.871967315673828125e+01
-7.871964263916015625e+01
-7.871966552734375000e+01
-7.871987915039062500e+01
-7.871974182128906250e+01
-7.871967315673828125e+01
-7.871976470947265625e+01
-7.871981048583984375e+01
-7.871992492675781250e+01
-7.871990966796875000e+01
-7.871984100341796875e+01
-7.872000122070312500e+01
-7.871995544433593750e+01
-7.872000885009765625e+01
-7.872007751464843750e+01
-7.872001647949218750e+01
-7.872004699707031250e+01
-7.872004699707031250e+01
-7.872002410888671875e+01
-7.872014617919921875e+01
-7.872033691406250000e+01
-7.872022247314453125e+01
-7.872026062011718750e+01
-7.872018432617187500e+01
-7.872026824951171875e+01
-7.872028350830078125e+01
-7.872032165527343750e+01
-7.872042846679687500e+01
-7.872040557861328125e+01
-7.872039794921875000e+01
-7.872042846679687500e+01
-7.872045898437500000e+01
-7.872051239013671875e+01
-7.872059631347656250e+01
-7.872068023681640625e+01
-7.872052001953125000e+01
-7.872056579589843750e+01
-7.872057342529296875e+01
-7.872059631347656250e+01
-7.872065734863281250e+01
-7.872073364257812500e+01
-7.872061920166015625e+01
-7.872075653076171875e+01
-7.872080230712890625e+01
-7.872083282470703125e+01
-7.872067260742187500e+01
-7.872064971923828125e+01
-7.872071838378906250e+01
-7.872076416015625000e+01
-7.872085571289062500e+01
-7.872076416015625000e+01
-7.872077941894531250e+01
-7.872096252441406250e+01
-7.872109222412109375e+01
-7.872090148925781250e+01
-7.872097015380859375e+01
-7.872106933593750000e+01
-7.872095489501953125e+01
-7.872103881835937500e+01
-7.872092437744140625e+01
-7.872115325927734375e+01
-7.872104644775390625e+01
-7.872107696533203125e+01
-7.872102355957031250e+01
-7.872105407714843750e+01
-7.872116851806640625e+01
-7.872109222412109375e+01
-7.872100067138671875e+01
-7.872113037109375000e+01
-7.872115325927734375e+01
-7.872109222412109375e+01
-7.872102355957031250e+01
-7.872098541259765625e+01
-7.872109222412109375e+01
-7.872110748291015625e+01
-7.872119903564453125e+01
-7.872124481201171875e+01
-7.872127532958984375e+01
-7.872109222412109375e+01
-7.872107696533203125e+01
-7.872097015380859375e+01
-7.872097015380859375e+01
-7.872110748291015625e+01
-7.872114562988281250e+01
-7.872116851806640625e+01
-7.872116088867187500e+01
-7.872122955322265625e+01
-7.872108459472656250e+01
-7.872109222412109375e+01
-7.872119903564453125e+01
-7.872113037109375000e+01
-7.872119140625000000e+01
-7.872107696533203125e+01
-7.872129058837890625e+01
-7.872129821777343750e+01
-7.872116088867187500e+01
-7.872129058837890625e+01
-7.872126770019531250e+01
-7.872122192382812500e+01
-7.872114562988281250e+01
-7.872128295898437500e+01
-7.872116088867187500e+01
-7.872134399414062500e+01
-7.872120666503906250e+01
-7.872105407714843750e+01
-7.872127532958984375e+01
-7.872132110595703125e+01
-7.872111511230468750e+01
-7.872121429443359375e+01
-7.872124481201171875e+01
-7.872119140625000000e+01
-7.872123718261718750e+01
-7.872117614746093750e+01
-7.872119140625000000e+01
-7.872119903564453125e+01
-7.872119903564453125e+01
-7.872119903564453125e+01
-7.872124481201171875e+01
-7.872126770019531250e+01
-7.872118377685546875e+01
-7.872135925292968750e+01
-7.872136688232421875e+01
-7.872113037109375000e+01
-7.872133636474609375e+01
-7.872118377685546875e+01
-7.872119140625000000e+01
-7.872135162353515625e+01
-7.872116851806640625e+01
-7.872126770019531250e+01
-7.872127532958984375e+01
-7.872120666503906250e+01
-7.872118377685546875e+01
-7.872126770019531250e+01
-7.872122955322265625e+01
-7.872138977050781250e+01
-7.872135162353515625e+01
-7.872120666503906250e+01
-7.872130584716796875e+01
-7.872122192382812500e+01
-7.872119903564453125e+01
-7.872129058837890625e+01
-7.872132110595703125e+01
-7.872122192382812500e+01
-7.872135162353515625e+01
-7.872116088867187500e+01
-7.872132110595703125e+01
-7.872131347656250000e+01
-7.872129058837890625e+01
-7.872142028808593750e+01
-7.872126007080078125e+01
-7.872122955322265625e+01
-7.872119903564453125e+01
-7.872135162353515625e+01
-7.872122192382812500e+01
-7.872121429443359375e+01
-7.872122192382812500e+01
-7.872116851806640625e+01
-7.872123718261718750e+01
-7.872110748291015625e+01
-7.872111511230468750e+01
-7.872116088867187500e+01
-7.872128295898437500e+01
-7.872135925292968750e+01
-7.872124481201171875e+01
-7.872107696533203125e+01
-7.872120666503906250e+01
-7.872120666503906250e+01
-7.872133636474609375e+01
-7.872131347656250000e+01
-7.872121429443359375e+01
-7.872138214111328125e+01
-7.872140502929687500e+01
-7.872124481201171875e+01
-7.872127532958984375e+01
-7.872132110595703125e+01
-7.872136688232421875e+01
-7.872117614746093750e+01
-7.872140502929687500e+01
-7.872132873535156250e+01
-7.872135162353515625e+01
-7.872125244140625000e+01
-7.872132110595703125e+01
-7.872137451171875000e+01
-7.872127532958984375e+01
-7.872132873535156250e+01
-7.872138977050781250e+01
-7.872116851806640625e+01
-7.872128295898437500e+01
-7.872135925292968750e+01
-7.872122955322265625e+01
-7.872132873535156250e+01
-7.872125244140625000e+01
-7.872131347656250000e+01
-7.872118377685546875e+01
-7.872127532958984375e+01
-7.872121429443359375e+01
-7.872118377685546875e+01
-7.872127532958984375e+01
-7.872139739990234375e+01
-7.872127532958984375e+01
-7.872130584716796875e+01
-7.872117614746093750e+01
-7.872123718261718750e+01
-7.872139739990234375e+01
-7.872100067138671875e+01
-7.872138977050781250e+01
-7.872126770019531250e+01
-7.872141265869140625e+01
-7.872126770019531250e+01
-7.872125244140625000e+01
-7.872127532958984375e+01
-7.872144317626953125e+01
-7.872135162353515625e+01
-7.872137451171875000e+01
-7.872161865234375000e+01
-7.872126007080078125e+01
-7.872130584716796875e+01
-7.872142028808593750e+01
-7.872137451171875000e+01
-7.872126007080078125e+01
-7.872122955322265625e+01
-7.872122955322265625e+01
-7.872129058837890625e+01
-7.872129058837890625e+01
-7.872149658203125000e+01
-7.872127532958984375e+01
-7.872137451171875000e+01
-7.872123718261718750e+01
-7.872128295898437500e+01
-7.872128295898437500e+01
-7.872123718261718750e+01
-7.872132110595703125e+01
-7.872132873535156250e+01
-7.872132873535156250e+01
-7.872123718261718750e+01
-7.872122192382812500e+01
-7.872127532958984375e+01
-7.872126770019531250e+01
-7.872130584716796875e+01
-7.872135162353515625e+01
-7.872119140625000000e+01
-7.872127532958984375e+01
-7.872126007080078125e+01
-7.872135162353515625e+01
-7.872132873535156250e+01
-7.872127532958984375e+01
-7.872133636474609375e+01
-7.872130584716796875e+01
-7.872136688232421875e+01
-7.872123718261718750e+01
-7.872130584716796875e+01
-7.872128295898437500e+01
-7.872136688232421875e+01
-7.872128295898437500e+01
-7.872132873535156250e+01
-7.872117614746093750e+01
-7.872123718261718750e+01
-7.872145080566406250e+01
-7.872124481201171875e+01
-7.872129821777343750e+01
-7.872131347656250000e+01
-7.872122192382812500e+01
-7.872129821777343750e+01
-7.872122955322265625e+01
-7.872135162353515625e+01
-7.872130584716796875e+01
-7.872131347656250000e+01
-7.872135162353515625e+01
-7.872122192382812500e+01
-7.872129058837890625e+01
-7.872148895263671875e+01
-7.872137451171875000e+01
-7.872136688232421875e+01
-7.872133636474609375e+01
-7.872137451171875000e+01
-7.872116851806640625e+01
-7.872147369384765625e+01
-7.872134399414062500e+01
-7.872142791748046875e+01
-7.872126770019531250e+01
-7.872134399414062500e+01
-7.872132110595703125e+01
-7.872129058837890625e+01
-7.872132873535156250e+01
-7.872138977050781250e+01
-7.872132873535156250e+01
-7.872137451171875000e+01
-7.872135925292968750e+01
-7.872142028808593750e+01
-7.872122192382812500e+01
-7.872129058837890625e+01
-7.872140502929687500e+01
-7.872129821777343750e+01
-7.872151184082031250e+01
-7.872127532958984375e+01
-7.872138977050781250e+01
-7.872137451171875000e+01
-7.872140502929687500e+01
-7.872123718261718750e+01
-7.872133636474609375e+01
-7.872137451171875000e+01
-7.872120666503906250e+01
-7.872134399414062500e+01
-7.872135162353515625e+01
-7.872133636474609375e+01
-7.872137451171875000e+01
-7.872126770019531250e+01
-7.872135925292968750e+01
-7.872125244140625000e+01
-7.872131347656250000e+01
-7.872145080566406250e+01
-7.872136688232421875e+01
-7.872134399414062500e+01
-7.872147369384765625e+01
-7.872138214111328125e+01
-7.872147369384765625e+01
-7.872119903564453125e+01
-7.872137451171875000e+01
-7.872137451171875000e+01
-7.872145080566406250e+01
-7.872151184082031250e+01
-7.872130584716796875e+01
-7.872147369384765625e+01
-7.872142028808593750e+01
-7.872133636474609375e+01
-7.872135162353515625e+01
-7.872131347656250000e+01
-7.872141265869140625e+01
-7.872137451171875000e+01
-7.872140502929687500e+01
-7.872134399414062500e+01
-7.872135925292968750e+01
-7.872126007080078125e+01
-7.872129821777343750e+01
-7.872127532958984375e+01
-7.872119903564453125e+01
-7.872143554687500000e+01
-7.872131347656250000e+01
-7.872144317626953125e+01
-7.872131347656250000e+01
-7.872138977050781250e+01
-7.872140502929687500e+01
-7.872129821777343750e+01
-7.872133636474609375e+01
-7.872122955322265625e+01
-7.872126007080078125e+01
-7.872131347656250000e+01
-7.872125244140625000e+01
-7.872131347656250000e+01
-7.872128295898437500e+01
-7.872126770019531250e+01
-7.872111511230468750e+01
-7.872118377685546875e+01
-7.872148132324218750e+01
-7.872128295898437500e+01
-7.872134399414062500e+01
-7.872130584716796875e+01
-7.872127532958984375e+01
-7.872122192382812500e+01
-7.872135925292968750e+01
-7.872135162353515625e+01
-7.872123718261718750e+01
-7.872129821777343750e+01
-7.872121429443359375e+01
-7.872119140625000000e+01
-7.872133636474609375e+01
-7.872129058837890625e+01
-7.872125244140625000e+01
-7.872132873535156250e+01
-7.872126007080078125e+01
-7.872135925292968750e+01
-7.872132110595703125e+01
-7.872135925292968750e+01
-7.872122192382812500e+01
-7.872135162353515625e+01
-7.872123718261718750e+01
-7.872119140625000000e+01
-7.872140502929687500e+01
-7.872129821777343750e+01
-7.872129058837890625e+01
-7.872135162353515625e+01
-7.872135162353515625e+01
-7.872148132324218750e+01
-7.872121429443359375e+01
-7.872136688232421875e+01
-7.872122192382812500e+01
-7.872134399414062500e+01
-7.872137451171875000e+01
-7.872130584716796875e+01
-7.872116088867187500e+01
-7.872122192382812500e+01
-7.872129821777343750e+01
-7.872133636474609375e+01
-7.872132873535156250e+01
-7.872115325927734375e+01
-7.872135925292968750e+01
-7.872142028808593750e+01
-7.872135162353515625e+01
-7.872140502929687500e+01
-7.872131347656250000e+01
-7.872132110595703125e+01
-7.872124481201171875e+01
-7.872129058837890625e+01
-7.872119903564453125e+01
-7.872121429443359375e+01
-7.872129058837890625e+01
-7.872138214111328125e+01
-7.872138214111328125e+01
-7.872134399414062500e+01
-7.872126007080078125e+01
-7.872132873535156250e+01
-7.872151184082031250e+01
-7.872116851806640625e+01
-7.872122955322265625e+01
-7.872142791748046875e+01
-7.872144317626953125e+01
-7.872120666503906250e+01
-7.872137451171875000e+01
-7.872139739990234375e+01
-7.872129821777343750e+01
-7.872122192382812500e+01
-7.872146606445312500e+01
-7.872138977050781250e+01
-7.872129058837890625e+01
-7.872131347656250000e+01
-7.872137451171875000e+01
-7.872136688232421875e+01
-7.872138977050781250e+01
-7.872130584716796875e+01
-7.872139739990234375e+01
-7.872135162353515625e+01
-7.872138977050781250e+01
-7.872128295898437500e+01
-7.872141265869140625e+01
-7.872132110595703125e+01
-7.872135162353515625e+01
-7.872148895263671875e+01
-7.872138977050781250e+01
-7.872124481201171875e+01
-7.872130584716796875e+01
-7.872146606445312500e+01
-7.872130584716796875e+01
-7.872129058837890625e+01
-7.872117614746093750e+01
-7.872132873535156250e+01
-7.872147369384765625e+01
-7.872133636474609375e+01
-7.872139739990234375e+01
-7.872142028808593750e+01
-7.872142028808593750e+01
-7.872140502929687500e+01
-7.872128295898437500e+01
-7.872118377685546875e+01
-7.872128295898437500e+01
-7.872138214111328125e+01
-7.872129821777343750e+01
-7.872121429443359375e+01
-7.872134399414062500e+01
-7.872126770019531250e+01
-7.872119903564453125e+01
-7.872128295898437500e+01
-7.872132110595703125e+01
-7.872144317626953125e+01
-7.872137451171875000e+01
-7.872131347656250000e+01
-7.872136688232421875e+01
-7.872134399414062500e+01
-7.872147369384765625e+01
-7.872124481201171875e+01
-7.872138977050781250e+01
-7.872121429443359375e+01
-7.872129821777343750e+01
-7.872143554687500000e+01
-7.872141265869140625e+01
-7.872142028808593750e+01
-7.872131347656250000e+01
-7.872126770019531250e+01
-7.872134399414062500e+01
-7.872132110595703125e+01
-7.872122192382812500e+01
-7.872118377685546875e+01
-7.872126007080078125e+01
-7.872143554687500000e+01
-7.872129821777343750e+01
-7.872124481201171875e+01
-7.872139739990234375e+01
-7.872147369384765625e+01
-7.872145843505859375e+01
-7.872153472900390625e+01
-7.872135162353515625e+01
-7.872135162353515625e+01
-7.872131347656250000e+01
-7.872125244140625000e+01
-7.872141265869140625e+01
-7.872134399414062500e+01
-7.872126007080078125e+01
-7.872142791748046875e+01
-7.872137451171875000e+01
-7.872127532958984375e+01
-7.872135925292968750e+01
-7.872127532958984375e+01
-7.872131347656250000e+01
-7.872132110595703125e+01
-7.872129058837890625e+01
-7.872136688232421875e+01
-7.872138214111328125e+01
-7.872135925292968750e+01
-7.872135925292968750e+01
-7.872127532958984375e+01
-7.872130584716796875e+01
-7.872138977050781250e+01
-7.872125244140625000e+01
-7.872125244140625000e+01
-7.872131347656250000e+01
-7.872129821777343750e+01
-7.872134399414062500e+01
-7.872133636474609375e+01
-7.872135162353515625e+01
-7.872126770019531250e+01
-7.872135162353515625e+01
-7.872151184082031250e+01
-7.872127532958984375e+01
-7.872135925292968750e+01
-7.872132110595703125e+01
-7.872146606445312500e+01
-7.872143554687500000e+01
-7.872137451171875000e+01
-7.872143554687500000e+01
-7.872135162353515625e+01
-7.872119903564453125e+01
-7.872139739990234375e+01
-7.872147369384765625e+01
-7.872137451171875000e+01
-7.872123718261718750e+01
-7.872151184082031250e+01
-7.872135162353515625e+01
-7.872135925292968750e+01
-7.872133636474609375e+01
-7.872139739990234375e+01
-7.872136688232421875e+01
-7.872133636474609375e+01
-7.872124481201171875e+01
-7.872129058837890625e+01
-7.872140502929687500e+01
-7.872122955322265625e+01
-7.872130584716796875e+01
-7.872148895263671875e+01
-7.872129821777343750e+01
-7.872139739990234375e+01
-7.872140502929687500e+01
-7.872127532958984375e+01
-7.872136688232421875e+01
-7.872147369384765625e+01
-7.872141265869140625e+01
-7.872144317626953125e+01
-7.872144317626953125e+01
-7.872141265869140625e+01
-7.872128295898437500e+01
-7.872136688232421875e+01
-7.872135925292968750e+01
-7.872146606445312500e+01
-7.872135162353515625e+01
-7.872138977050781250e+01
-7.872132873535156250e+01
-7.872129821777343750e+01
-7.872138214111328125e+01
-7.872138977050781250e+01
-7.872134399414062500e+01
-7.872138214111328125e+01
-7.872142028808593750e+01
-7.872129058837890625e+01
-7.872135925292968750e+01
-7.872132110595703125e+01
-7.872154235839843750e+01
-7.872147369384765625e+01
-7.872126007080078125e+01
-7.872137451171875000e+01
-7.872128295898437500e+01
-7.872128295898437500e+01
-7.872135162353515625e+01
-7.872142791748046875e+01
-7.872137451171875000e+01
-7.872139739990234375e+01
-7.872126007080078125e+01
-7.872140502929687500e+01
-7.872148132324218750e+01
-7.872128295898437500e+01
-7.872151947021484375e+01
-7.872142028808593750e+01
-7.872135925292968750e+01
-7.872135162353515625e+01
-7.872133636474609375e+01
-7.872141265869140625e+01
-7.872142028808593750e+01
-7.872135162353515625e+01
-7.872148132324218750e+01
-7.872131347656250000e+01
-7.872134399414062500e+01
-7.872146606445312500e+01
-7.872125244140625000e+01
-7.872133636474609375e+01
-7.872132110595703125e+01
-7.872142791748046875e+01
-7.872135162353515625e+01
-7.872147369384765625e+01
-7.872153472900390625e+01
-7.872132110595703125e+01
-7.872137451171875000e+01
-7.872135925292968750e+01
-7.872139739990234375e+01
-7.872135925292968750e+01
-7.872154998779296875e+01
-7.872135162353515625e+01
-7.872130584716796875e+01
-7.872129821777343750e+01
-7.872136688232421875e+01
-7.872125244140625000e+01
-7.872139739990234375e+01
-7.872132873535156250e+01
-7.872138214111328125e+01
-7.872134399414062500e+01
-7.872125244140625000e+01
-7.872133636474609375e+01
-7.872128295898437500e+01
-7.872125244140625000e+01
-7.872132110595703125e+01
-7.872128295898437500e+01
-7.872134399414062500e+01
-7.872122192382812500e+01
-7.872141265869140625e+01
-7.872128295898437500e+01
-7.872130584716796875e+01
-7.872142028808593750e+01
-7.872116851806640625e+01
-7.872122955322265625e+01
-7.872126007080078125e+01
-7.872132873535156250e+01
-7.872117614746093750e+01
-7.872132110595703125e+01
-7.872133636474609375e+01
-7.872146606445312500e+01
-7.872141265869140625e+01
-7.872141265869140625e+01
-7.872145080566406250e+01
-7.872140502929687500e+01
-7.872129821777343750e+01
-7.872139739990234375e+01
-7.872130584716796875e+01
-7.872145843505859375e+01
-7.872123718261718750e+01
-7.872137451171875000e+01
-7.872132110595703125e+01
-7.872140502929687500e+01
-7.872117614746093750e+01
-7.872126007080078125e+01
-7.872151947021484375e+01
-7.872140502929687500e+01
-7.872133636474609375e+01
-7.872133636474609375e+01
-7.872135925292968750e+01
-7.872139739990234375e+01
-7.872135162353515625e+01
-7.872128295898437500e+01
-7.872132873535156250e+01
-7.872136688232421875e+01
-7.872132873535156250e+01
-7.872143554687500000e+01
-7.872134399414062500e+01
-7.872147369384765625e+01
-7.872132110595703125e+01
-7.872127532958984375e+01
-7.872147369384765625e+01
-7.872126770019531250e+01
-7.872132873535156250e+01
-7.872140502929687500e+01
-7.872133636474609375e+01
-7.872132110595703125e+01
-7.872137451171875000e+01
-7.872142028808593750e+01
-7.872133636474609375e+01
-7.872132110595703125e+01
-7.872132110595703125e+01
-7.872124481201171875e+01
-7.872145080566406250e+01
-7.872126007080078125e+01
-7.872139739990234375e+01
-7.872138977050781250e+01
-7.872117614746093750e+01
-7.872122192382812500e+01
-7.872133636474609375e+01
-7.872139739990234375e+01
-7.872140502929687500e+01
-7.872115325927734375e+01
-7.872138977050781250e+01
-7.872142028808593750e+01
-7.872122955322265625e+01
-7.872145080566406250e+01
-7.872129058837890625e+01
-7.872138214111328125e+01
-7.872130584716796875e+01
-7.872122192382812500e+01
-7.872135925292968750e+01
-7.872143554687500000e+01
-7.872132873535156250e+01
-7.872132873535156250e+01
-7.872133636474609375e+01
-7.872143554687500000e+01
-7.872129058837890625e+01
-7.872142791748046875e+01
-7.872139739990234375e+01
-7.872135162353515625e+01
-7.872132873535156250e+01
-7.872129058837890625e+01
-7.872135162353515625e+01
-7.872143554687500000e+01
-7.872143554687500000e+01
-7.872129058837890625e+01
-7.872138214111328125e+01
-7.872132873535156250e+01
-7.872126007080078125e+01
-7.872145843505859375e+01
-7.872127532958984375e+01
-7.872132873535156250e+01
-7.872137451171875000e+01
-7.872130584716796875e+01
-7.872119140625000000e+01
-7.872144317626953125e+01
-7.872117614746093750e+01
-7.872135162353515625e+01
-7.872152709960937500e+01
-7.872111511230468750e+01
-7.872135925292968750e+01
-7.872131347656250000e+01
-7.872140502929687500e+01
-7.872151184082031250e+01
-7.872140502929687500e+01
-7.872153472900390625e+01
-7.872138214111328125e+01
-7.872144317626953125e+01
-7.872129821777343750e+01
-7.872129821777343750e+01
-7.872145843505859375e+01
-7.872142028808593750e+01
-7.872129058837890625e+01
-7.872142028808593750e+01
-7.872122955322265625e+01
-7.872138977050781250e+01
-7.872138977050781250e+01
-7.872145843505859375e+01
-7.872141265869140625e+01
-7.872129821777343750e+01
-7.872137451171875000e+01
-7.872135162353515625e+01
-7.872128295898437500e+01
-7.872140502929687500e+01
-7.872141265869140625e+01
-7.872154998779296875e+01
-7.872136688232421875e+01
-7.872137451171875000e+01
-7.872132873535156250e+01
-7.872138214111328125e+01
-7.872150421142578125e+01
-7.872136688232421875e+01
-7.872133636474609375e+01
-7.872135162353515625e+01
-7.872138214111328125e+01
-7.872149658203125000e+01
-7.872138977050781250e+01
-7.872136688232421875e+01
-7.872139739990234375e+01
-7.872138977050781250e+01
-7.872137451171875000e+01
-7.872133636474609375e+01
-7.872130584716796875e+01
-7.872124481201171875e+01
-7.872139739990234375e+01
-7.872125244140625000e+01
-7.872135162353515625e+01
-7.872116851806640625e+01
-7.872134399414062500e+01
-7.872132873535156250e+01
-7.872133636474609375e+01
-7.872131347656250000e+01
-7.872133636474609375e+01
-7.872138214111328125e+01
-7.872141265869140625e+01
-7.872142028808593750e+01
-7.872136688232421875e+01
-7.872145843505859375e+01
-7.872139739990234375e+01
-7.872133636474609375e+01
-7.872142791748046875e+01
-7.872131347656250000e+01
-7.872135162353515625e+01
-7.872138214111328125e+01
-7.872142028808593750e+01
-7.872135925292968750e+01
-7.872132873535156250e+01
-7.872132873535156250e+01
-7.872142791748046875e+01
-7.872143554687500000e+01
-7.872128295898437500e+01
-7.872114562988281250e+01
-7.872156524658203125e+01
-7.872137451171875000e+01
-7.872138977050781250e+01
-7.872140502929687500e+01
-7.872142791748046875e+01
-7.872138214111328125e+01
-7.872118377685546875e+01
-7.872131347656250000e+01
-7.872142028808593750e+01
-7.872148895263671875e+01
-7.872142791748046875e+01
-7.872135925292968750e+01
-7.872127532958984375e+01
-7.872132873535156250e+01
-7.872135162353515625e+01
-7.872145843505859375e+01
-7.872130584716796875e+01
-7.872145843505859375e+01
-7.872127532958984375e+01
-7.872145843505859375e+01
-7.872126770019531250e+01
-7.872151184082031250e+01
-7.872126770019531250e+01
-7.872130584716796875e+01
-7.872146606445312500e+01
-7.872140502929687500e+01
-7.872147369384765625e+01
-7.872139739990234375e+01
-7.872135925292968750e+01
-7.872138214111328125e+01
-7.872138214111328125e+01
-7.872146606445312500e+01
-7.872131347656250000e+01
-7.872123718261718750e+01
-7.872121429443359375e+01
-7.872138214111328125e+01
-7.872145843505859375e+01
-7.872140502929687500e+01
-7.872138977050781250e+01
-7.872126007080078125e+01
-7.872140502929687500e+01
-7.872128295898437500e+01
-7.872140502929687500e+01
-7.872142791748046875e+01
-7.872132873535156250e+01
-7.872126007080078125e+01
-7.872137451171875000e+01
-7.872129058837890625e+01
-7.872135162353515625e+01
-7.872131347656250000e+01
-7.872138214111328125e+01
-7.872145080566406250e+01
-7.872144317626953125e+01
-7.872141265869140625e+01
-7.872137451171875000e+01
-7.872140502929687500e+01
-7.872137451171875000e+01
-7.872132873535156250e+01
-7.872131347656250000e+01
-7.872133636474609375e+01
-7.872151184082031250e+01
-7.872146606445312500e+01
-7.872126770019531250e+01
-7.872142791748046875e+01
-7.872138977050781250e+01
-7.872122955322265625e+01
-7.872137451171875000e+01
-7.872133636474609375e+01
-7.872143554687500000e+01
-7.872134399414062500e+01
-7.872143554687500000e+01
-7.872124481201171875e+01
-7.872129821777343750e+01
-7.872127532958984375e+01
-7.872143554687500000e+01
-7.872135925292968750e+01
-7.872145080566406250e+01
-7.872138214111328125e+01
-7.872135925292968750e+01
-7.872148895263671875e+01
-7.872142791748046875e+01
-7.872155761718750000e+01
-7.872145843505859375e+01
-7.872141265869140625e+01
-7.872138214111328125e+01
-7.872139739990234375e+01
-7.872142791748046875e+01
-7.872132873535156250e+01
-7.872146606445312500e+01
-7.872137451171875000e+01
-7.872141265869140625e+01
-7.872138214111328125e+01
-7.872142028808593750e+01
-7.872135162353515625e+01
-7.872138977050781250e+01
-7.872142791748046875e+01
-7.872143554687500000e+01
-7.872143554687500000e+01
-7.872145080566406250e+01
-7.872142028808593750e+01
-7.872150421142578125e+01
-7.872135162353515625e+01
-7.872132110595703125e+01
-7.872142791748046875e+01
-7.872142028808593750e+01
-7.872141265869140625e+01
-7.872143554687500000e+01
-7.872138214111328125e+01
-7.872140502929687500e+01
-7.872139739990234375e+01
-7.872119140625000000e+01
-7.872135925292968750e+01
-7.872140502929687500e+01
-7.872148132324218750e+01
-7.872141265869140625e+01
-7.872140502929687500e+01
-7.872133636474609375e+01
-7.872126770019531250e+01
-7.872145080566406250e+01
-7.872142791748046875e+01
-7.872141265869140625e+01
-7.872156524658203125e+01
-7.872135162353515625e+01
-7.872133636474609375e+01
-7.872142791748046875e+01
-7.872133636474609375e+01
-7.872132873535156250e+01
-7.872140502929687500e+01
-7.872124481201171875e+01
-7.872136688232421875e+01
-7.872145080566406250e+01
-7.872142791748046875e+01
-7.872146606445312500e+01
-7.872149658203125000e+01
-7.872145080566406250e+01
-7.872132873535156250e+01
-7.872146606445312500e+01
-7.872135925292968750e+01
-7.872146606445312500e+01
-7.872138977050781250e+01
-7.872144317626953125e+01
-7.872133636474609375e+01
-7.872142791748046875e+01
-7.872138977050781250e+01
-7.872140502929687500e+01
-7.872140502929687500e+01
-7.872142791748046875e+01
-7.872145843505859375e+01
-7.872138214111328125e+01
-7.872145843505859375e+01
-7.872137451171875000e+01
-7.872137451171875000e+01
-7.872137451171875000e+01
-7.872142028808593750e+01
-7.872133636474609375e+01
-7.872140502929687500e+01
-7.872142791748046875e+01
-7.872141265869140625e+01
-7.872134399414062500e+01
-7.872140502929687500e+01
-7.872140502929687500e+01
-7.872141265869140625e+01
-7.872147369384765625e+01
-7.872146606445312500e+01
-7.872144317626953125e+01
-7.872135162353515625e+01
-7.872136688232421875e+01
-7.872143554687500000e+01
-7.872136688232421875e+01
-7.872135162353515625e+01
-7.872126770019531250e+01
-7.872130584716796875e+01
-7.872153472900390625e+01
-7.872133636474609375e+01
-7.872145843505859375e+01
-7.872140502929687500e+01
-7.872143554687500000e+01
-7.872142028808593750e+01
-7.872140502929687500e+01
-7.872143554687500000e+01
-7.872126007080078125e+01
-7.872136688232421875e+01
-7.872149658203125000e+01
-7.872145843505859375e+01
-7.872121429443359375e+01
-7.872149658203125000e+01
-7.872123718261718750e+01
-7.872131347656250000e+01
-7.872140502929687500e+01
-7.872145843505859375e+01
-7.872136688232421875e+01
-7.872140502929687500e+01
-7.872133636474609375e+01
-7.872142028808593750e+01
-7.872141265869140625e+01
-7.872142791748046875e+01
-7.872152709960937500e+01
-7.872115325927734375e+01
-7.872129058837890625e+01
-7.872152709960937500e+01
-7.872139739990234375e+01
-7.872151184082031250e+01
-7.872151947021484375e+01
-7.872138214111328125e+01
-7.872129821777343750e+01
-7.872145080566406250e+01
-7.872136688232421875e+01
-7.872144317626953125e+01
-7.872145843505859375e+01
-7.872148895263671875e+01
-7.872128295898437500e+01
-7.872141265869140625e+01
-7.872148895263671875e+01
-7.872139739990234375e+01
-7.872138977050781250e+01
-7.872148132324218750e+01
-7.872125244140625000e+01
-7.872140502929687500e+01
-7.872145843505859375e+01
-7.872148132324218750e+01
-7.872137451171875000e+01
-7.872139739990234375e+01
-7.872150421142578125e+01
-7.872131347656250000e+01
-7.872140502929687500e+01
-7.872134399414062500e+01
-7.872139739990234375e+01
-7.872130584716796875e+01
-7.872135925292968750e+01
-7.872138214111328125e+01
-7.872136688232421875e+01
-7.872136688232421875e+01
-7.872147369384765625e+01
-7.872133636474609375e+01
-7.872126007080078125e+01
-7.872131347656250000e+01
-7.872131347656250000e+01
-7.872152709960937500e+01
-7.872137451171875000e+01
-7.872130584716796875e+01
-7.872139739990234375e+01
-7.872129058837890625e+01
-7.872119903564453125e+01
-7.872154998779296875e+01
-7.872147369384765625e+01
-7.872147369384765625e+01
-7.872139739990234375e+01
-7.872142028808593750e+01
-7.872145843505859375e+01
-7.872135162353515625e+01
-7.872142028808593750e+01
-7.872139739990234375e+01
-7.872146606445312500e+01
-7.872151947021484375e+01
-7.872150421142578125e+01
-7.872142028808593750e+01
-7.872142791748046875e+01
-7.872142028808593750e+01
-7.872140502929687500e+01
-7.872143554687500000e+01
-7.872153472900390625e+01
-7.872132110595703125e+01
-7.872147369384765625e+01
-7.872144317626953125e+01
-7.872142791748046875e+01
-7.872134399414062500e+01
-7.872144317626953125e+01
-7.872134399414062500e+01
-7.872146606445312500e+01
-7.872136688232421875e+01
-7.872140502929687500e+01
-7.872132873535156250e+01
-7.872143554687500000e+01
-7.872131347656250000e+01
-7.872146606445312500e+01
-7.872138214111328125e+01
-7.872132873535156250e+01
-7.872127532958984375e+01
-7.872134399414062500e+01
-7.872127532958984375e+01
-7.872146606445312500e+01
-7.872142028808593750e+01
-7.872143554687500000e+01
-7.872140502929687500e+01
-7.872142791748046875e+01
-7.872138977050781250e+01
-7.872150421142578125e+01
-7.872138977050781250e+01
-7.872145080566406250e+01
-7.872137451171875000e+01
-7.872133636474609375e+01
-7.872145843505859375e+01
-7.872131347656250000e+01
-7.872148132324218750e+01
-7.872142028808593750e+01
-7.872138977050781250e+01
-7.872140502929687500e+01
-7.872148895263671875e+01
-7.872132110595703125e+01
-7.872124481201171875e+01
-7.872142028808593750e+01
-7.872138977050781250e+01
-7.872143554687500000e+01
-7.872132110595703125e+01
-7.872133636474609375e+01
-7.872125244140625000e+01
-7.872141265869140625e+01
-7.872131347656250000e+01
-7.872142791748046875e+01
-7.872144317626953125e+01
-7.872148895263671875e+01
-7.872137451171875000e+01
-7.872148895263671875e+01
-7.872133636474609375e+01
-7.872126770019531250e+01
-7.872130584716796875e+01
-7.872127532958984375e+01
-7.872132873535156250e+01
-7.872153472900390625e+01
-7.872137451171875000e+01
-7.872153472900390625e+01
-7.872134399414062500e+01
-7.872147369384765625e+01
-7.872145843505859375e+01
-7.872151947021484375e+01
-7.872132873535156250e+01
-7.872140502929687500e+01
-7.872133636474609375e+01
-7.872142028808593750e+01
-7.872129821777343750e+01
-7.872145080566406250e+01
-7.872139739990234375e+01
-7.872135925292968750e+01
-7.872134399414062500e+01
-7.872129058837890625e+01
-7.872126770019531250e+01
-7.872132110595703125e+01
-7.872117614746093750e+01
-7.872136688232421875e+01
-7.872130584716796875e+01
-7.872113037109375000e+01
-7.872145843505859375e+01
-7.872142791748046875e+01
-7.872142028808593750e+01
-7.872122192382812500e+01
-7.872124481201171875e+01
-7.872138214111328125e+01
-7.872136688232421875e+01
-7.872126007080078125e+01
-7.872150421142578125e+01
-7.872142791748046875e+01
-7.872136688232421875e+01
-7.872128295898437500e+01
-7.872129058837890625e+01
-7.872138977050781250e+01
-7.872129058837890625e+01
-7.872137451171875000e+01
-7.872138977050781250e+01
-7.872135925292968750e+01
-7.872127532958984375e+01
-7.872129058837890625e+01
-7.872135162353515625e+01
-7.872136688232421875e+01
-7.872152709960937500e+01
-7.872145080566406250e+01
-7.872141265869140625e+01
-7.872144317626953125e+01
-7.872142028808593750e+01
-7.872124481201171875e+01
-7.872151947021484375e+01
-7.872131347656250000e+01
-7.872126770019531250e+01
-7.872135925292968750e+01
-7.872148132324218750e+01
-7.872138214111328125e+01
-7.872145843505859375e+01
-7.872139739990234375e+01
-7.872147369384765625e+01
-7.872119140625000000e+01
-7.872134399414062500e+01
-7.872138214111328125e+01
-7.872143554687500000e+01
-7.872136688232421875e+01
-7.872130584716796875e+01
-7.872120666503906250e+01
-7.872138977050781250e+01
-7.872137451171875000e+01
-7.872130584716796875e+01
-7.872144317626953125e+01
-7.872135162353515625e+01
-7.872124481201171875e+01
-7.872133636474609375e+01
-7.872130584716796875e+01
-7.872131347656250000e+01
-7.872126770019531250e+01
-7.872145843505859375e+01
-7.872137451171875000e+01
-7.872137451171875000e+01
-7.872122955322265625e+01
-7.872138977050781250e+01
-7.872139739990234375e+01
-7.872130584716796875e+01
-7.872138214111328125e+01
-7.872141265869140625e+01
-7.872125244140625000e+01
-7.872134399414062500e+01
-7.872135925292968750e+01
-7.872135925292968750e+01
-7.872140502929687500e+01
-7.872132873535156250e+01
-7.872128295898437500e+01
-7.872136688232421875e+01
-7.872144317626953125e+01
-7.872131347656250000e+01
-7.872148132324218750e+01
-7.872148895263671875e+01
-7.872140502929687500e+01
-7.872142028808593750e+01
-7.872136688232421875e+01
-7.872126770019531250e+01
-7.872138214111328125e+01
-7.872141265869140625e+01
-7.872116088867187500e+01
-7.872136688232421875e+01
-7.872129821777343750e+01
-7.872138977050781250e+01
-7.872128295898437500e+01
-7.872130584716796875e+01
-7.872142028808593750e+01
-7.872135162353515625e+01
-7.872131347656250000e+01
-7.872139739990234375e+01
-7.872144317626953125e+01
-7.872133636474609375e+01
-7.872132873535156250e+01
-7.872135925292968750e+01
-7.872128295898437500e+01
-7.872135925292968750e+01
-7.872139739990234375e+01
-7.872134399414062500e+01
-7.872141265869140625e+01
-7.872130584716796875e+01
-7.872143554687500000e+01
-7.872132110595703125e+01
-7.872132873535156250e+01
-7.872124481201171875e+01
-7.872132110595703125e+01
-7.872140502929687500e+01
-7.872144317626953125e+01
-7.872130584716796875e+01
-7.872142791748046875e+01
-7.872132110595703125e+01
-7.872136688232421875e+01
-7.872137451171875000e+01
-7.872150421142578125e+01
-7.872135162353515625e+01
-7.872157287597656250e+01
-7.872131347656250000e+01
-7.872129058837890625e+01
-7.872128295898437500e+01
-7.872138214111328125e+01
-7.872127532958984375e+01
-7.872118377685546875e+01
-7.872144317626953125e+01
-7.872139739990234375e+01
-7.872127532958984375e+01
-7.872119903564453125e+01
-7.872128295898437500e+01
-7.872146606445312500e+01
-7.872128295898437500e+01
-7.872140502929687500e+01
-7.872138977050781250e+01
-7.872142791748046875e+01
-7.872119903564453125e+01
-7.872135925292968750e+01
-7.872133636474609375e+01
-7.872126770019531250e+01
-7.872141265869140625e+01
-7.872145843505859375e+01
-7.872141265869140625e+01
-7.872135162353515625e+01
-7.872129058837890625e+01
-7.872145080566406250e+01
-7.872147369384765625e+01
-7.872138214111328125e+01
-7.872138977050781250e+01
-7.872134399414062500e+01
-7.872133636474609375e+01
-7.872135162353515625e+01
-7.872129821777343750e+01
-7.872125244140625000e+01
-7.872135925292968750e+01
-7.872142791748046875e+01
-7.872132110595703125e+01
-7.872133636474609375e+01
-7.872130584716796875e+01
-7.872133636474609375e+01
-7.872148132324218750e+01
-7.872132110595703125e+01
-7.872127532958984375e+01
-7.872142791748046875e+01
-7.872138214111328125e+01
-7.872129058837890625e+01
-7.872133636474609375e+01
-7.872151947021484375e+01
-7.872131347656250000e+01
-7.872126770019531250e+01
-7.872144317626953125e+01
-7.872145080566406250e+01
-7.872130584716796875e+01
-7.872135925292968750e+01
-7.872130584716796875e+01
-7.872138977050781250e+01
-7.872144317626953125e+01
-7.872134399414062500e+01
-7.872138977050781250e+01
-7.872148132324218750e+01
-7.872132873535156250e+01
-7.872135925292968750e+01
-7.872135162353515625e+01
-7.872153472900390625e+01
-7.872140502929687500e+01
-7.872144317626953125e+01
-7.872135925292968750e+01
-7.872144317626953125e+01
-7.872154998779296875e+01
-7.872142791748046875e+01
-7.872158050537109375e+01
-7.872132873535156250e+01
-7.872145843505859375e+01
-7.872149658203125000e+01
-7.872132873535156250e+01
-7.872140502929687500e+01
-7.872146606445312500e+01
-7.872145843505859375e+01
-7.872147369384765625e+01
-7.872129821777343750e+01
-7.872137451171875000e+01
-7.872135162353515625e+01
-7.872143554687500000e+01
-7.872134399414062500e+01
-7.872150421142578125e+01
-7.872141265869140625e+01
-7.872139739990234375e+01
-7.872145080566406250e+01
-7.872127532958984375e+01
-7.872135925292968750e+01
-7.872143554687500000e+01
-7.872140502929687500e+01
-7.872138214111328125e+01
-7.872141265869140625e+01
-7.872129821777343750e+01
-7.872138214111328125e+01
-7.872124481201171875e+01
-7.872138977050781250e+01
-7.872136688232421875e+01
-7.872145843505859375e+01
-7.872131347656250000e+01
-7.872144317626953125e+01
-7.872144317626953125e+01
-7.872129058837890625e+01
-7.872148132324218750e+01
-7.872130584716796875e+01
-7.872145843505859375e+01
-7.872141265869140625e+01
-7.872142791748046875e+01
-7.872159576416015625e+01
-7.872145080566406250e+01
-7.872141265869140625e+01
-7.872139739990234375e+01
-7.872134399414062500e+01
-7.872134399414062500e+01
-7.872142028808593750e+01
-7.872143554687500000e+01
-7.872138214111328125e+01
-7.872150421142578125e+01
-7.872140502929687500e+01
-7.872126770019531250e+01
-7.872135162353515625e+01
-7.872137451171875000e+01
-7.872131347656250000e+01
-7.872136688232421875e+01
-7.872147369384765625e+01
-7.872131347656250000e+01
-7.872139739990234375e+01
-7.872135162353515625e+01
-7.872134399414062500e+01
-7.872137451171875000e+01
-7.872140502929687500e+01
-7.872131347656250000e+01
-7.872129058837890625e+01
-7.872135162353515625e+01
-7.872141265869140625e+01
-7.872143554687500000e+01
-7.872135925292968750e+01
-7.872133636474609375e+01
-7.872132873535156250e+01
-7.872136688232421875e+01
-7.872129821777343750e+01
-7.872139739990234375e+01
-7.872142028808593750e+01
-7.872139739990234375e+01
-7.872128295898437500e+01
-7.872129058837890625e+01
-7.872142028808593750e+01
-7.872123718261718750e+01
-7.872127532958984375e+01
-7.872142791748046875e+01
-7.872122192382812500e+01
-7.872138214111328125e+01
-7.872145080566406250e+01
-7.872126007080078125e+01
-7.872126007080078125e+01
-7.872134399414062500e+01
-7.872128295898437500e+01
-7.872151947021484375e+01
-7.872143554687500000e+01
-7.872137451171875000e+01
-7.872144317626953125e+01
-7.872132873535156250e+01
-7.872139739990234375e+01
-7.872131347656250000e+01
-7.872138214111328125e+01
-7.872141265869140625e+01
-7.872141265869140625e+01
-7.872125244140625000e+01
-7.872133636474609375e+01
-7.872135162353515625e+01
-7.872127532958984375e+01
-7.872143554687500000e+01
-7.872122955322265625e+01
-7.872138214111328125e+01
-7.872122955322265625e+01
-7.872129058837890625e+01
-7.872137451171875000e+01
-7.872130584716796875e+01
-7.872136688232421875e+01
-7.872129821777343750e+01
-7.872143554687500000e+01
-7.872126770019531250e+01
-7.872126007080078125e+01
-7.872132110595703125e+01
-7.872141265869140625e+01
-7.872135162353515625e+01
