-4.280228805541992188e+01
-5.241014099121093750e+01
-5.162967300415039062e+01
-5.188134384155273438e+01
-5.106825637817382812e+01
-5.153429412841796875e+01
-5.246413421630859375e+01
-5.220964050292968750e+01
-5.501912689208984375e+01
-6.049436569213867188e+01
-6.453646850585937500e+01
-6.355430603027343750e+01
-6.082832336425781250e+01
-6.431472778320312500e+01
-6.874109649658203125e+01
-6.950079345703125000e+01
-6.922671508789062500e+01
-7.090137481689453125e+01
-7.305406188964843750e+01
-7.273587799072265625e+01
-7.331094360351562500e+01
-7.399090576171875000e+01
-7.532023620605468750e+01
-7.470086669921875000e+01
-7.541399383544921875e+01
-7.497060394287109375e+01
-7.490699005126953125e+01
-7.558306121826171875e+01
-7.657045745849609375e+01
-7.643231201171875000e+01
-7.615406799316406250e+01
-7.703913879394531250e+01
-7.739968109130859375e+01
-7.731029510498046875e+01
-7.737821197509765625e+01
-7.768414306640625000e+01
-7.744187927246093750e+01
-7.781211853027343750e+01
-7.794564056396484375e+01
-7.800923156738281250e+01
-7.800963592529296875e+01
-7.812852478027343750e+01
-7.810685729980468750e+01
-7.812435150146484375e+01
-7.819817352294921875e+01
-7.814154052734375000e+01
-7.820839691162109375e+01
-7.815576171875000000e+01
-7.815014648437500000e+01
-7.835227966308593750e+01
-7.847863006591796875e+01
-7.848564147949218750e+01
-7.840680694580078125e+01
-7.836322784423828125e+01
-7.844113922119140625e+01
-7.853118133544921875e+01
-7.857673645019531250e+01
-7.852577972412109375e+01
-7.849733734130859375e+01
-7.857254791259765625e+01
-7.864334106445312500e+01
-7.861217498779296875e+01
-7.858837890625000000e+01
-7.861257934570312500e+01
-7.865034484863281250e+01
-7.864189910888671875e+01
-7.862538909912109375e+01
-7.864849090576171875e+01
-7.867423248291015625e+01
-7.866365051269531250e+01
-7.864969635009765625e+01
-7.866037750244140625e+01
-7.867921447753906250e+01
-7.868148803710937500e+01
-7.867539215087890625e+01
-7.867535400390625000e+01
-7.868119049072265625e+01
-7.869004058837890625e+01
-7.868426513671875000e+01
-7.868543243408203125e+01
-7.869148254394531250e+01
-7.869279479980468750e+01
-7.869161224365234375e+01
-7.868986511230468750e+01
-7.869474029541015625e+01
-7.869732666015625000e+01
-7.869696044921875000e+01
-7.869530487060546875e+01
-7.869522857666015625e+01
-7.869877624511718750e+01
-7.869945526123046875e+01
-7.869881439208984375e+01
-7.869886016845703125e+01
-7.869968414306640625e+01
-7.870124053955078125e+01
-7.870086669921875000e+01
-7.870034027099609375e+01
-7.869998168945312500e+01
-7.870098114013671875e+01
-7.870138549804687500e+01
-7.870136260986328125e+01
-7.870069885253906250e+01
-7.870035552978515625e+01
-7.870028686523437500e+01
-7.870063781738281250e+01
-7.869978332519531250e+01
-7.869828796386718750e+01
-7.869573974609375000e+01
-7.869155883789062500e+01
-7.868546295166015625e+01
-7.867491912841796875e+01
-7.865876770019531250e+01
-7.863511657714843750e+01
-7.861061096191406250e+01
-7.859442138671875000e+01
-7.861000823974609375e+01
-7.865404510498046875e+01
-7.869374847412109375e+01
-7.869434356689453125e+01
-7.867290496826171875e+01
-7.867436218261718750e+01
-7.869297790527343750e+01
-7.869240570068359375e+01
-7.868408966064453125e+01
-7.869317626953125000e+01
-7.869920349121093750e+01
-7.869286346435546875e+01
-7.869628906250000000e+01
-7.869957733154296875e+01
-7.869442749023437500e+01
-7.869731140136718750e+01
-7.869921112060546875e+01
-7.869582366943359375e+01
-7.869984436035156250e+01
-7.870085144042968750e+01
-7.869827270507812500e+01
-7.870229339599609375e+01
-7.870192718505859375e+01
-7.869985198974609375e+01
-7.870286560058593750e+01
-7.870207977294921875e+01
-7.870061492919921875e+01
-7.870278930664062500e+01
-7.870224761962890625e+01
-7.870125579833984375e+01
-7.870304870605468750e+01
-7.870240020751953125e+01
-7.870215606689453125e+01
-7.870320892333984375e+01
-7.870291900634765625e+01
-7.870303344726562500e+01
-7.870320892333984375e+01
-7.870306396484375000e+01
-7.870311737060546875e+01
-7.870300292968750000e+01
-7.870257568359375000e+01
-7.870267486572265625e+01
-7.870193481445312500e+01
-7.870086669921875000e+01
-7.870002746582031250e+01
-7.869786071777343750e+01
-7.869407653808593750e+01
-7.868878173828125000e+01
-7.867938995361328125e+01
-7.866548156738281250e+01
-7.864393615722656250e+01
-7.862009429931640625e+01
-7.859365081787109375e+01
-7.859172058105468750e+01
-7.861682891845703125e+01
-7.867030334472656250e+01
-7.870224761962890625e+01
-7.868869781494140625e+01
-7.866844940185546875e+01
-7.868151855468750000e+01
-7.869921112060546875e+01
-7.868807983398437500e+01
-7.868725585937500000e+01
-7.870246124267578125e+01
-7.869287109375000000e+01
-7.868833923339843750e+01
-7.869882202148437500e+01
-7.869147491455078125e+01
-7.869644165039062500e+01
-7.870155334472656250e+01
-7.869647979736328125e+01
-7.870271301269531250e+01
-7.870008850097656250e+01
-7.870008087158203125e+01
-7.870182800292968750e+01
-7.869798278808593750e+01
-7.869980621337890625e+01
-7.869544219970703125e+01
-7.869286346435546875e+01
-7.868627929687500000e+01
-7.867438507080078125e+01
-7.865808105468750000e+01
-7.863194274902343750e+01
-7.860456848144531250e+01
-7.858948516845703125e+01
-7.861379241943359375e+01
-7.867023468017578125e+01
-7.869959259033203125e+01
-7.868067169189453125e+01
-7.865771484375000000e+01
-7.867821502685546875e+01
-7.870248413085937500e+01
-7.868717193603515625e+01
-7.867450714111328125e+01
-7.869374847412109375e+01
-7.870235443115234375e+01
-7.868753051757812500e+01
-7.868560791015625000e+01
-7.869940185546875000e+01
-7.870004272460937500e+01
-7.868965148925781250e+01
-7.869281005859375000e+01
-7.870188903808593750e+01
-7.869789886474609375e+01
-7.869313812255859375e+01
-7.869906616210937500e+01
-7.870172119140625000e+01
-7.869699859619140625e+01
-7.869757080078125000e+01
-7.870196533203125000e+01
-7.870025634765625000e+01
-7.869835662841796875e+01
-7.870144653320312500e+01
-7.870254516601562500e+01
-7.870063781738281250e+01
-7.870179748535156250e+01
-7.870362091064453125e+01
-7.870264434814453125e+01
-7.870241546630859375e+01
-7.870365905761718750e+01
-7.870317840576171875e+01
-7.870265960693359375e+01
-7.870336151123046875e+01
-7.870340728759765625e+01
-7.870291900634765625e+01
-7.870344543457031250e+01
-7.870363616943359375e+01
-7.870317840576171875e+01
-7.870375823974609375e+01
-7.870391082763671875e+01
-7.870352935791015625e+01
-7.870363616943359375e+01
-7.870381927490234375e+01
-7.870359802246093750e+01
-7.870370483398437500e+01
-7.870372772216796875e+01
-7.870368957519531250e+01
-7.870384979248046875e+01
-7.870409393310546875e+01
-7.870393371582031250e+01
-7.870398712158203125e+01
-7.870395660400390625e+01
-7.870391082763671875e+01
-7.870395660400390625e+01
-7.870398712158203125e+01
-7.870395660400390625e+01
-7.870412445068359375e+01
-7.870407867431640625e+01
-7.870407104492187500e+01
-7.870413970947265625e+01
-7.870407867431640625e+01
-7.870393371582031250e+01
-7.870412445068359375e+01
-7.870407867431640625e+01
-7.870413208007812500e+01
-7.870420074462890625e+01
-7.870404815673828125e+01
-7.870408630371093750e+01
-7.870402526855468750e+01
-7.870394897460937500e+01
-7.870416259765625000e+01
-7.870403289794921875e+01
-7.870409393310546875e+01
-7.870417022705078125e+01
-7.870401000976562500e+01
-7.870407104492187500e+01
-7.870394897460937500e+01
-7.870407104492187500e+01
-7.870407867431640625e+01
-7.870409393310546875e+01
-7.870409393310546875e+01
-7.870395660400390625e+01
-7.870397186279296875e+01
-7.870420074462890625e+01
-7.870420074462890625e+01
-7.870410919189453125e+01
-7.870420074462890625e+01
-7.870403289794921875e+01
-7.870420837402343750e+01
-7.870405578613281250e+01
-7.870407867431640625e+01
-7.870412445068359375e+01
-7.870410156250000000e+01
-7.870412445068359375e+01
-7.870409393310546875e+01
-7.870426177978515625e+01
-7.870408630371093750e+01
-7.870421600341796875e+01
-7.870413970947265625e+01
-7.870423889160156250e+01
-7.870430755615234375e+01
-7.870428466796875000e+01
-7.870421600341796875e+01
-7.870407104492187500e+01
-7.870408630371093750e+01
-7.870422363281250000e+01
-7.870414733886718750e+01
-7.870419311523437500e+01
-7.870420074462890625e+01
-7.870412445068359375e+01
-7.870420837402343750e+01
-7.870413970947265625e+01
-7.870427703857421875e+01
-7.870420074462890625e+01
-7.870412445068359375e+01
-7.870433807373046875e+01
-7.870423889160156250e+01
-7.870417785644531250e+01
-7.870430755615234375e+01
-7.870429992675781250e+01
-7.870421600341796875e+01
-7.870417785644531250e+01
-7.870433044433593750e+01
-7.870414733886718750e+01
-7.870426940917968750e+01
-7.870429992675781250e+01
-7.870422363281250000e+01
-7.870436859130859375e+01
-7.870418548583984375e+01
-7.870422363281250000e+01
-7.870433807373046875e+01
-7.870428466796875000e+01
-7.870433807373046875e+01
-7.870420837402343750e+01
-7.870426940917968750e+01
-7.870426940917968750e+01
-7.870436859130859375e+01
-7.870429229736328125e+01
-7.870450592041015625e+01
-7.870437622070312500e+01
-7.870434570312500000e+01
-7.870434570312500000e+01
-7.870446014404296875e+01
-7.870456695556640625e+01
-7.870443725585937500e+01
-7.870426940917968750e+01
-7.870438385009765625e+01
-7.870443725585937500e+01
-7.870443725585937500e+01
-7.870455169677734375e+01
-7.870447540283203125e+01
-7.870442962646484375e+01
-7.870447540283203125e+01
-7.870455169677734375e+01
-7.870454406738281250e+01
-7.870464324951171875e+01
-7.870472717285156250e+01
-7.870453643798828125e+01
-7.870472717285156250e+01
-7.870451354980468750e+01
-7.870470428466796875e+01
-7.870451354980468750e+01
-7.870465850830078125e+01
-7.870456695556640625e+01
-7.870462799072265625e+01
-7.870475006103515625e+01
-7.870475006103515625e+01
-7.870484161376953125e+01
-7.870475006103515625e+01
-7.870486450195312500e+01
-7.870495605468750000e+01
-7.870480346679687500e+01
-7.870487976074218750e+01
-7.870487213134765625e+01
-7.870499420166015625e+01
-7.870497131347656250e+01
-7.870497894287109375e+01
-7.870517730712890625e+01
-7.870505523681640625e+01
-7.870516204833984375e+01
-7.870538330078125000e+01
-7.870529937744140625e+01
-7.870519256591796875e+01
-7.870531463623046875e+01
-7.870528411865234375e+01
-7.870538330078125000e+01
-7.870536804199218750e+01
-7.870552825927734375e+01
-7.870574188232421875e+01
-7.870574951171875000e+01
-7.870569610595703125e+01
-7.870575714111328125e+01
-7.870576477050781250e+01
-7.870582580566406250e+01
-7.870606994628906250e+01
-7.870609283447265625e+01
-7.870594024658203125e+01
-7.870623779296875000e+01
-7.870636749267578125e+01
-7.870648193359375000e+01
-7.870655059814453125e+01
-7.870652008056640625e+01
-7.870674896240234375e+01
-7.870672607421875000e+01
-7.870677947998046875e+01
-7.870697784423828125e+01
-7.870709991455078125e+01
-7.870725250244140625e+01
-7.870745849609375000e+01
-7.870733642578125000e+01
-7.870765686035156250e+01
-7.870751190185546875e+01
-7.870783233642578125e+01
-7.870779418945312500e+01
-7.870783996582031250e+01
-7.870814514160156250e+01
-7.870812225341796875e+01
-7.870807647705078125e+01
-7.870820617675781250e+01
-7.870825195312500000e+01
-7.870822906494140625e+01
-7.870845031738281250e+01
-7.870850372314453125e+01
-7.870858764648437500e+01
-7.870851135253906250e+01
-7.870846557617187500e+01
-7.870864105224609375e+01
-7.870875549316406250e+01
-7.870864868164062500e+01
-7.870864105224609375e+01
-7.870877075195312500e+01
-7.870875549316406250e+01
-7.870896911621093750e+01
-7.870878601074218750e+01
-7.870893096923828125e+01
-7.870879364013671875e+01
-7.870898437500000000e+01
-7.870894622802734375e+01
-7.870890045166015625e+01
-7.870866394042968750e+01
-7.870828247070312500e+01
-7.870742034912109375e+01
-7.870592498779296875e+01
-7.870330047607421875e+01
-7.869966888427734375e+01
-7.869442749023437500e+01
-7.869236755371093750e+01
-7.869406127929687500e+01
-7.870274353027343750e+01
-7.870870971679687500e+01
-7.870725250244140625e+01
-7.870298767089843750e+01
-7.870417022705078125e+01
-7.870853424072265625e+01
-7.870808410644531250e+01
-7.870513916015625000e+01
-7.870722198486328125e+01
-7.870915985107421875e+01
-7.870742034912109375e+01
-7.870722961425781250e+01
-7.870896148681640625e+01
-7.870840454101562500e+01
-7.870763397216796875e+01
-7.870883178710937500e+01
-7.870884704589843750e+01
-7.870811462402343750e+01
-7.870858764648437500e+01
-7.870936584472656250e+01
-7.870858764648437500e+01
-7.870890045166015625e+01
-7.870926666259765625e+01
-7.870906829833984375e+01
-7.870909881591796875e+01
-7.870951843261718750e+01
-7.870907592773437500e+01
-7.870915985107421875e+01
-7.870948028564453125e+01
-7.870919799804687500e+01
-7.870925903320312500e+01
-7.870951843261718750e+01
-7.870934295654296875e+01
-7.870921325683593750e+01
-7.870941925048828125e+01
-7.870953369140625000e+01
-7.870944213867187500e+01
-7.870970153808593750e+01
-7.870950317382812500e+01
-7.870939636230468750e+01
-7.870960998535156250e+01
-7.870966339111328125e+01
-7.870954132080078125e+01
-7.870958709716796875e+01
-7.870948028564453125e+01
-7.870954132080078125e+01
-7.870959472656250000e+01
-7.870957946777343750e+01
-7.870961761474609375e+01
-7.870972442626953125e+01
-7.870972442626953125e+01
-7.870973205566406250e+01
-7.870975494384765625e+01
-7.870960235595703125e+01
-7.870962524414062500e+01
-7.870981597900390625e+01
-7.870979309082031250e+01
-7.870972442626953125e+01
-7.870976257324218750e+01
-7.870970916748046875e+01
-7.870980072021484375e+01
-7.870967864990234375e+01
-7.870972442626953125e+01
-7.870974731445312500e+01
-7.870967864990234375e+01
-7.870964813232421875e+01
-7.870980072021484375e+01
-7.870974731445312500e+01
-7.871002197265625000e+01
-7.870958709716796875e+01
-7.870982360839843750e+01
-7.870975494384765625e+01
-7.870988464355468750e+01
-7.870988464355468750e+01
-7.870993804931640625e+01
-7.870984649658203125e+01
-7.870991516113281250e+01
-7.871004486083984375e+01
-7.870993041992187500e+01
-7.870988464355468750e+01
-7.870991516113281250e+01
-7.870997619628906250e+01
-7.871002960205078125e+01
-7.870979309082031250e+01
-7.870990753173828125e+01
-7.870980072021484375e+01
-7.870988464355468750e+01
-7.871003723144531250e+01
-7.870971679687500000e+01
-7.870989227294921875e+01
-7.871000671386718750e+01
-7.871000671386718750e+01
-7.871008300781250000e+01
-7.870993804931640625e+01
-7.870999908447265625e+01
-7.871000671386718750e+01
-7.871004486083984375e+01
-7.870979309082031250e+01
-7.871015930175781250e+01
-7.871020507812500000e+01
-7.871007537841796875e+01
-7.871015167236328125e+01
-7.871001434326171875e+01
-7.870999908447265625e+01
-7.871016693115234375e+01
-7.871021270751953125e+01
-7.871001434326171875e+01
-7.871017456054687500e+01
-7.871013641357421875e+01
-7.871017456054687500e+01
-7.871033477783203125e+01
-7.871016693115234375e+01
-7.871014404296875000e+01
-7.871014404296875000e+01
-7.871029663085937500e+01
-7.871032714843750000e+01
-7.871018981933593750e+01
-7.871030426025390625e+01
-7.871029663085937500e+01
-7.871034240722656250e+01
-7.871017456054687500e+01
-7.871029663085937500e+01
-7.871043395996093750e+01
-7.871035003662109375e+01
-7.871038055419921875e+01
-7.871032714843750000e+01
-7.871032714843750000e+01
-7.871053314208984375e+01
-7.871025848388671875e+01
-7.871033477783203125e+01
-7.871044158935546875e+01
-7.871066284179687500e+01
-7.871051025390625000e+01
-7.871037292480468750e+01
-7.871041107177734375e+01
-7.871067810058593750e+01
-7.871071624755859375e+01
-7.871072387695312500e+01
-7.871073150634765625e+01
-7.871063232421875000e+01
-7.871081542968750000e+01
-7.871076965332031250e+01
-7.871083068847656250e+01
-7.871085357666015625e+01
-7.871088409423828125e+01
-7.871085357666015625e+01
-7.871095275878906250e+01
-7.871098327636718750e+01
-7.871111297607421875e+01
-7.871105194091796875e+01
-7.871104431152343750e+01
-7.871113586425781250e+01
-7.871125793457031250e+01
-7.871143341064453125e+01
-7.871158599853515625e+01
-7.871139526367187500e+01
-7.871160888671875000e+01
-7.871170806884765625e+01
-7.871185302734375000e+01
-7.871189880371093750e+01
-7.871195220947265625e+01
-7.871203613281250000e+01
-7.871206665039062500e+01
-7.871222686767578125e+01
-7.871230316162109375e+01
-7.871234130859375000e+01
-7.871253204345703125e+01
-7.871258544921875000e+01
-7.871253967285156250e+01
-7.871278381347656250e+01
-7.871290588378906250e+01
-7.871295928955078125e+01
-7.871315002441406250e+01
-7.871298217773437500e+01
-7.871311187744140625e+01
-7.871324920654296875e+01
-7.871343231201171875e+01
-7.871338653564453125e+01
-7.871361541748046875e+01
-7.871370697021484375e+01
-7.871370697021484375e+01
-7.871383666992187500e+01
-7.871399688720703125e+01
-7.871405029296875000e+01
-7.871400451660156250e+01
-7.871405792236328125e+01
-7.871416473388671875e+01
-7.871417999267578125e+01
-7.871437072753906250e+01
-7.871441650390625000e+01
-7.871463775634765625e+01
-7.871438598632812500e+01
-7.871473693847656250e+01
-7.871461486816406250e+01
-7.871461486816406250e+01
-7.871486663818359375e+01
-7.871459197998046875e+01
-7.871467590332031250e+01
-7.871499633789062500e+01
-7.871511840820312500e+01
-7.871502685546875000e+01
-7.871496582031250000e+01
-7.871524810791015625e+01
-7.871495056152343750e+01
-7.871508026123046875e+01
-7.871525573730468750e+01
-7.871514129638671875e+01
-7.871525573730468750e+01
-7.871522521972656250e+01
-7.871522521972656250e+01
-7.871522521972656250e+01
-7.871543884277343750e+01
-7.871534729003906250e+01
-7.871537780761718750e+01
-7.871528625488281250e+01
-7.871536254882812500e+01
-7.871548461914062500e+01
-7.871550750732421875e+01
-7.871552276611328125e+01
-7.871557617187500000e+01
-7.871570587158203125e+01
-7.871556091308593750e+01
-7.871556091308593750e+01
-7.871549987792968750e+01
-7.871567535400390625e+01
-7.871578216552734375e+01
-7.871561431884765625e+01
-7.871581268310546875e+01
-7.871559143066406250e+01
-7.871578216552734375e+01
-7.871565246582031250e+01
-7.871578979492187500e+01
-7.871585845947265625e+01
-7.871592712402343750e+01
-7.871579742431640625e+01
-7.871575927734375000e+01
-7.871572113037109375e+01
-7.871572875976562500e+01
-7.871583557128906250e+01
-7.871587371826171875e+01
-7.871587371826171875e+01
-7.871601867675781250e+01
-7.871588134765625000e+01
-7.871601867675781250e+01
-7.871604919433593750e+01
-7.871574401855468750e+01
-7.871592712402343750e+01
-7.871573638916015625e+01
-7.871589660644531250e+01
-7.871588134765625000e+01
-7.871593475341796875e+01
-7.871604919433593750e+01
-7.871597290039062500e+01
-7.871598815917968750e+01
-7.871618652343750000e+01
-7.871600341796875000e+01
-7.871603393554687500e+01
-7.871606445312500000e+01
-7.871593475341796875e+01
-7.871599578857421875e+01
-7.871603393554687500e+01
-7.871601867675781250e+01
-7.871616363525390625e+01
-7.871608734130859375e+01
-7.871613311767578125e+01
-7.871621704101562500e+01
-7.871610260009765625e+01
-7.871604919433593750e+01
-7.871601104736328125e+01
-7.871601867675781250e+01
-7.871623229980468750e+01
-7.871622467041015625e+01
-7.871625518798828125e+01
-7.871623992919921875e+01
-7.871604919433593750e+01
-7.871619415283203125e+01
-7.871632385253906250e+01
-7.871620941162109375e+01
-7.871631622314453125e+01
-7.871631622314453125e+01
-7.871623992919921875e+01
-7.871622467041015625e+01
-7.871643066406250000e+01
-7.871649169921875000e+01
-7.871627044677734375e+01
-7.871617889404296875e+01
-7.871643066406250000e+01
-7.871641540527343750e+01
-7.871638488769531250e+01
-7.871650695800781250e+01
-7.871638488769531250e+01
-7.871641540527343750e+01
-7.871646118164062500e+01
-7.871645355224609375e+01
-7.871656036376953125e+01
-7.871646118164062500e+01
-7.871653747558593750e+01
-7.871643829345703125e+01
-7.871636199951171875e+01
-7.871653747558593750e+01
-7.871664428710937500e+01
-7.871659851074218750e+01
-7.871660614013671875e+01
-7.871655273437500000e+01
-7.871655273437500000e+01
-7.871669006347656250e+01
-7.871666717529296875e+01
-7.871674346923828125e+01
-7.871678161621093750e+01
-7.871684265136718750e+01
-7.871678924560546875e+01
-7.871678161621093750e+01
-7.871670532226562500e+01
-7.871672058105468750e+01
-7.871681213378906250e+01
-7.871675872802734375e+01
-7.871689605712890625e+01
-7.871685028076171875e+01
-7.871697235107421875e+01
-7.871701812744140625e+01
-7.871698760986328125e+01
-7.871695709228515625e+01
-7.871720886230468750e+01
-7.871703338623046875e+01
-7.871714782714843750e+01
-7.871718597412109375e+01
-7.871721649169921875e+01
-7.871749877929687500e+01
-7.871746063232421875e+01
-7.871727752685546875e+01
-7.871733856201171875e+01
-7.871746063232421875e+01
-7.871736145019531250e+01
-7.871752166748046875e+01
-7.871768951416015625e+01
-7.871755218505859375e+01
-7.871773529052734375e+01
-7.871764373779296875e+01
-7.871756744384765625e+01
-7.871767425537109375e+01
-7.871783447265625000e+01
-7.871780395507812500e+01
-7.871781921386718750e+01
-7.871787261962890625e+01
-7.871795654296875000e+01
-7.871791076660156250e+01
-7.871804046630859375e+01
-7.871807861328125000e+01
-7.871822357177734375e+01
-7.871826171875000000e+01
-7.871813201904296875e+01
-7.871830749511718750e+01
-7.871829223632812500e+01
-7.871838378906250000e+01
-7.871846771240234375e+01
-7.871857452392578125e+01
-7.871881103515625000e+01
-7.871876525878906250e+01
-7.871875762939453125e+01
-7.871887207031250000e+01
-7.871901702880859375e+01
-7.871911621093750000e+01
-7.871903228759765625e+01
-7.871907806396484375e+01
-7.871910095214843750e+01
-7.871918487548828125e+01
-7.871936035156250000e+01
-7.871926879882812500e+01
-7.871933746337890625e+01
-7.871951293945312500e+01
-7.871960449218750000e+01
-7.871977996826171875e+01
-7.871965789794921875e+01
-7.871960449218750000e+01
-7.871981048583984375e+01
-7.871980285644531250e+01
-7.871981811523437500e+01
-7.871993255615234375e+01
-7.871993255615234375e+01
-7.872003173828125000e+01
-7.872013854980468750e+01
-7.872006988525390625e+01
-7.872025299072265625e+01
-7.872026062011718750e+01
-7.872026824951171875e+01
-7.872047424316406250e+01
-7.872054290771484375e+01
-7.872072601318359375e+01
-7.872092437744140625e+01
-7.872059631347656250e+01
-7.872075653076171875e+01
-7.872086334228515625e+01
-7.872090148925781250e+01
-7.872100830078125000e+01
-7.872097015380859375e+01
-7.872095489501953125e+01
-7.872106933593750000e+01
-7.872107696533203125e+01
-7.872122192382812500e+01
-7.872113800048828125e+01
-7.872113800048828125e+01
-7.872138977050781250e+01
-7.872158813476562500e+01
-7.872132110595703125e+01
-7.872138977050781250e+01
-7.872148895263671875e+01
-7.872169494628906250e+01
-7.872151947021484375e+01
-7.872183990478515625e+01
-7.872176361083984375e+01
-7.872180175781250000e+01
-7.872177124023437500e+01
-7.872184753417968750e+01
-7.872161865234375000e+01
-7.872174072265625000e+01
-7.872185516357421875e+01
-7.872162628173828125e+01
-7.872183227539062500e+01
-7.872193145751953125e+01
-7.872206115722656250e+01
-7.872199249267578125e+01
-7.872195434570312500e+01
-7.872200775146484375e+01
-7.872200012207031250e+01
-7.872197723388671875e+01
-7.872202301025390625e+01
-7.872199249267578125e+01
-7.872202301025390625e+01
-7.872187805175781250e+01
-7.872225952148437500e+01
-7.872207641601562500e+01
-7.872206115722656250e+01
-7.872225189208984375e+01
-7.872212219238281250e+01
-7.872209167480468750e+01
-7.872228240966796875e+01
-7.872229003906250000e+01
-7.872225952148437500e+01
-7.872226715087890625e+01
-7.872225952148437500e+01
-7.872225189208984375e+01
-7.872229766845703125e+01
-7.872231292724609375e+01
-7.872228240966796875e+01
-7.872231292724609375e+01
-7.872232818603515625e+01
-7.872230529785156250e+01
-7.872222137451171875e+01
-7.872226715087890625e+01
-7.872224426269531250e+01
-7.872228240966796875e+01
-7.872245788574218750e+01
-7.872245788574218750e+01
-7.872241210937500000e+01
-7.872245025634765625e+01
-7.872229766845703125e+01
-7.872230529785156250e+01
-7.872233581542968750e+01
-7.872228240966796875e+01
-7.872238922119140625e+01
-7.872237396240234375e+01
-7.872244262695312500e+01
-7.872236633300781250e+01
-7.872245788574218750e+01
-7.872243499755859375e+01
-7.872237396240234375e+01
-7.872229766845703125e+01
-7.872243499755859375e+01
-7.872257995605468750e+01
-7.872246551513671875e+01
-7.872233581542968750e+01
-7.872248077392578125e+01
-7.872238922119140625e+01
-7.872238159179687500e+01
-7.872244262695312500e+01
-7.872229766845703125e+01
-7.872232055664062500e+01
-7.872235107421875000e+01
-7.872255706787109375e+01
-7.872247314453125000e+01
-7.872236633300781250e+01
-7.872233581542968750e+01
-7.872235107421875000e+01
-7.872235107421875000e+01
-7.872254943847656250e+01
-7.872231292724609375e+01
-7.872231292724609375e+01
-7.872242736816406250e+01
-7.872229003906250000e+01
-7.872239685058593750e+01
-7.872250366210937500e+01
-7.872243499755859375e+01
-7.872238159179687500e+01
-7.872237396240234375e+01
-7.872236633300781250e+01
-7.872227478027343750e+01
-7.872235107421875000e+01
-7.872220611572265625e+01
-7.872247314453125000e+01
-7.872233581542968750e+01
-7.872254180908203125e+01
-7.872242736816406250e+01
-7.872243499755859375e+01
-7.872262573242187500e+01
-7.872245025634765625e+01
-7.872261810302734375e+01
-7.872248077392578125e+01
-7.872251892089843750e+01
-7.872250366210937500e+01
-7.872250366210937500e+01
-7.872245025634765625e+01
-7.872244262695312500e+01
-7.872245025634765625e+01
-7.872233581542968750e+01
-7.872239685058593750e+01
-7.872247314453125000e+01
-7.872246551513671875e+01
-7.872248077392578125e+01
-7.872244262695312500e+01
-7.872241210937500000e+01
-7.872228240966796875e+01
-7.872251892089843750e+01
-7.872238159179687500e+01
-7.872251892089843750e+01
-7.872264862060546875e+01
-7.872243499755859375e+01
-7.872254943847656250e+01
-7.872225952148437500e+01
-7.872255706787109375e+01
-7.872254943847656250e+01
-7.872251129150390625e+01
-7.872241210937500000e+01
-7.872240447998046875e+01
-7.872238159179687500e+01
-7.872245788574218750e+01
-7.872254180908203125e+01
-7.872258758544921875e+01
-7.872254180908203125e+01
-7.872246551513671875e+01
-7.872247314453125000e+01
-7.872261810302734375e+01
-7.872243499755859375e+01
-7.872250366210937500e+01
-7.872246551513671875e+01
-7.872259521484375000e+01
-7.872257995605468750e+01
-7.872257232666015625e+01
-7.872238922119140625e+01
-7.872249603271484375e+01
-7.872265625000000000e+01
-7.872258758544921875e+01
-7.872257995605468750e+01
-7.872249603271484375e+01
-7.872241210937500000e+01
-7.872241973876953125e+01
-7.872241973876953125e+01
-7.872261047363281250e+01
-7.872248077392578125e+01
-7.872245788574218750e+01
-7.872260284423828125e+01
-7.872257232666015625e+01
-7.872251129150390625e+01
-7.872243499755859375e+01
-7.872261047363281250e+01
-7.872247314453125000e+01
-7.872274780273437500e+01
-7.872255706787109375e+01
-7.872264099121093750e+01
-7.872260284423828125e+01
-7.872244262695312500e+01
-7.872257995605468750e+01
-7.872261047363281250e+01
-7.872247314453125000e+01
-7.872246551513671875e+01
-7.872254943847656250e+01
-7.872257995605468750e+01
-7.872242736816406250e+01
-7.872248840332031250e+01
-7.872257232666015625e+01
-7.872257232666015625e+01
-7.872260284423828125e+01
-7.872256469726562500e+01
-7.872264099121093750e+01
-7.872266387939453125e+01
-7.872256469726562500e+01
-7.872256469726562500e+01
-7.872261047363281250e+01
-7.872249603271484375e+01
-7.872257995605468750e+01
-7.872264862060546875e+01
-7.872250366210937500e+01
-7.872244262695312500e+01
-7.872248077392578125e+01
-7.872271728515625000e+01
-7.872260284423828125e+01
-7.872245788574218750e+01
-7.872260284423828125e+01
-7.872256469726562500e+01
-7.872257232666015625e+01
-7.872254180908203125e+01
-7.872254943847656250e+01
-7.872254180908203125e+01
-7.872259521484375000e+01
-7.872258758544921875e+01
-7.872262573242187500e+01
-7.872247314453125000e+01
-7.872258758544921875e+01
-7.872261810302734375e+01
-7.872271728515625000e+01
-7.872268676757812500e+01
-7.872257995605468750e+01
-7.872241973876953125e+01
-7.872254943847656250e+01
-7.872258758544921875e+01
-7.872261047363281250e+01
-7.872257995605468750e+01
-7.872269439697265625e+01
-7.872267150878906250e+01
-7.872264862060546875e+01
-7.872277832031250000e+01
-7.872267150878906250e+01
-7.872276306152343750e+01
-7.872253417968750000e+01
-7.872252655029296875e+01
-7.872264862060546875e+01
-7.872267913818359375e+01
-7.872264099121093750e+01
-7.872280120849609375e+01
-7.872267913818359375e+01
-7.872264862060546875e+01
-7.872249603271484375e+01
-7.872261810302734375e+01
-7.872270965576171875e+01
-7.872267150878906250e+01
-7.872271728515625000e+01
-7.872267150878906250e+01
-7.872264099121093750e+01
-7.872276306152343750e+01
-7.872273254394531250e+01
-7.872273254394531250e+01
-7.872283935546875000e+01
-7.872263336181640625e+01
-7.872280120849609375e+01
-7.872277832031250000e+01
-7.872264862060546875e+01
-7.872265625000000000e+01
-7.872263336181640625e+01
-7.872258758544921875e+01
-7.872265625000000000e+01
-7.872273254394531250e+01
-7.872270202636718750e+01
-7.872273254394531250e+01
-7.872264099121093750e+01
-7.872274780273437500e+01
-7.872282409667968750e+01
-7.872270965576171875e+01
-7.872272491455078125e+01
-7.872257232666015625e+01
-7.872264862060546875e+01
-7.872276306152343750e+01
-7.872265625000000000e+01
-7.872262573242187500e+01
-7.872267913818359375e+01
-7.872266387939453125e+01
-7.872261810302734375e+01
-7.872274780273437500e+01
-7.872283935546875000e+01
-7.872268676757812500e+01
-7.872269439697265625e+01
-7.872267150878906250e+01
-7.872277832031250000e+01
-7.872272491455078125e+01
-7.872274017333984375e+01
-7.872296905517578125e+01
-7.872264862060546875e+01
-7.872274780273437500e+01
-7.872279357910156250e+01
-7.872271728515625000e+01
-7.872264862060546875e+01
-7.872272491455078125e+01
-7.872268676757812500e+01
-7.872271728515625000e+01
-7.872289276123046875e+01
-7.872274780273437500e+01
-7.872278594970703125e+01
-7.872277832031250000e+01
-7.872278594970703125e+01
-7.872284698486328125e+01
-7.872277832031250000e+01
-7.872274780273437500e+01
-7.872262573242187500e+01
-7.872280883789062500e+01
-7.872267913818359375e+01
-7.872286224365234375e+01
-7.872280120849609375e+01
-7.872280120849609375e+01
-7.872281646728515625e+01
-7.872268676757812500e+01
-7.872293853759765625e+01
-7.872283935546875000e+01
-7.872278594970703125e+01
-7.872280120849609375e+01
-7.872286224365234375e+01
-7.872284698486328125e+01
-7.872288513183593750e+01
-7.872283935546875000e+01
-7.872283172607421875e+01
-7.872263336181640625e+01
-7.872275543212890625e+01
-7.872269439697265625e+01
-7.872286224365234375e+01
-7.872277069091796875e+01
-7.872276306152343750e+01
-7.872294616699218750e+01
-7.872285461425781250e+01
-7.872284698486328125e+01
-7.872280883789062500e+01
-7.872294616699218750e+01
-7.872287750244140625e+01
-7.872287750244140625e+01
-7.872286987304687500e+01
-7.872287750244140625e+01
-7.872283172607421875e+01
-7.872277832031250000e+01
-7.872279357910156250e+01
-7.872292327880859375e+01
-7.872274780273437500e+01
-7.872290802001953125e+01
-7.872289276123046875e+01
-7.872276306152343750e+01
-7.872288513183593750e+01
-7.872283935546875000e+01
-7.872278594970703125e+01
-7.872288513183593750e+01
-7.872284698486328125e+01
-7.872268676757812500e+01
-7.872285461425781250e+01
-7.872281646728515625e+01
-7.872284698486328125e+01
-7.872282409667968750e+01
-7.872293090820312500e+01
-7.872280883789062500e+01
-7.872283935546875000e+01
-7.872296905517578125e+01
-7.872284698486328125e+01
-7.872287750244140625e+01
-7.872289276123046875e+01
-7.872292327880859375e+01
-7.872277069091796875e+01
-7.872287750244140625e+01
-7.872281646728515625e+01
-7.872285461425781250e+01
-7.872281646728515625e+01
-7.872294616699218750e+01
-7.872290039062500000e+01
-7.872270965576171875e+01
-7.872281646728515625e+01
-7.872289276123046875e+01
-7.872290802001953125e+01
-7.872286224365234375e+01
-7.872295379638671875e+01
-7.872285461425781250e+01
-7.872281646728515625e+01
-7.872282409667968750e+01
-7.872271728515625000e+01
-7.872285461425781250e+01
-7.872290802001953125e+01
-7.872278594970703125e+01
-7.872287750244140625e+01
-7.872288513183593750e+01
-7.872296142578125000e+01
-7.872284698486328125e+01
-7.872294616699218750e+01
-7.872282409667968750e+01
-7.872277069091796875e+01
-7.872291564941406250e+01
-7.872283172607421875e+01
-7.872286224365234375e+01
-7.872286987304687500e+01
-7.872280883789062500e+01
-7.872285461425781250e+01
-7.872303771972656250e+01
-7.872290802001953125e+01
-7.872291564941406250e+01
-7.872276306152343750e+01
-7.872286224365234375e+01
-7.872283935546875000e+01
-7.872299957275390625e+01
-7.872282409667968750e+01
-7.872290802001953125e+01
-7.872303009033203125e+01
-7.872290039062500000e+01
-7.872299194335937500e+01
-7.872293853759765625e+01
-7.872292327880859375e+01
-7.872293853759765625e+01
-7.872322845458984375e+01
-7.872292327880859375e+01
-7.872296905517578125e+01
-7.872290802001953125e+01
-7.872298431396484375e+01
-7.872306060791015625e+01
-7.872295379638671875e+01
-7.872301483154296875e+01
-7.872315216064453125e+01
-7.872300720214843750e+01
-7.872314453125000000e+01
-7.872295379638671875e+01
-7.872304534912109375e+01
-7.872299957275390625e+01
-7.872308349609375000e+01
-7.872304534912109375e+01
-7.872290802001953125e+01
-7.872298431396484375e+01
-7.872293853759765625e+01
-7.872325897216796875e+01
-7.872310638427734375e+01
-7.872316741943359375e+01
-7.872303009033203125e+01
-7.872318267822265625e+01
-7.872304534912109375e+01
-7.872319793701171875e+01
-7.872302246093750000e+01
-7.872290039062500000e+01
-7.872308349609375000e+01
-7.872302246093750000e+01
-7.872309875488281250e+01
-7.872308349609375000e+01
-7.872300720214843750e+01
-7.872307586669921875e+01
-7.872317504882812500e+01
-7.872307586669921875e+01
-7.872313690185546875e+01
-7.872297668457031250e+01
-7.872316741943359375e+01
-7.872312927246093750e+01
-7.872313690185546875e+01
-7.872324371337890625e+01
-7.872309875488281250e+01
-7.872322845458984375e+01
-7.872299957275390625e+01
-7.872306060791015625e+01
-7.872300720214843750e+01
-7.872307586669921875e+01
-7.872311401367187500e+01
-7.872324371337890625e+01
-7.872319030761718750e+01
-7.872317504882812500e+01
-7.872319030761718750e+01
-7.872302246093750000e+01
-7.872299957275390625e+01
-7.872303771972656250e+01
-7.872310638427734375e+01
-7.872322082519531250e+01
-7.872309112548828125e+01
-7.872309875488281250e+01
-7.872316741943359375e+01
-7.872319793701171875e+01
-7.872310638427734375e+01
-7.872305297851562500e+01
-7.872306060791015625e+01
-7.872323608398437500e+01
-7.872322082519531250e+01
-7.872315216064453125e+01
-7.872325897216796875e+01
-7.872316741943359375e+01
-7.872307586669921875e+01
-7.872325134277343750e+01
-7.872308349609375000e+01
-7.872313690185546875e+01
-7.872309112548828125e+01
-7.872319030761718750e+01
-7.872330474853515625e+01
-7.872322082519531250e+01
-7.872318267822265625e+01
-7.872315216064453125e+01
-7.872334289550781250e+01
-7.872323608398437500e+01
-7.872316741943359375e+01
-7.872321319580078125e+01
-7.872313690185546875e+01
-7.872295379638671875e+01
-7.872326660156250000e+01
-7.872315979003906250e+01
-7.872318267822265625e+01
-7.872315216064453125e+01
-7.872318267822265625e+01
-7.872315979003906250e+01
-7.872317504882812500e+01
-7.872322845458984375e+01
-7.872327423095703125e+01
-7.872328186035156250e+01
-7.872319793701171875e+01
-7.872319793701171875e+01
-7.872327423095703125e+01
-7.872324371337890625e+01
-7.872315216064453125e+01
-7.872328186035156250e+01
-7.872323608398437500e+01
-7.872309875488281250e+01
-7.872321319580078125e+01
-7.872319793701171875e+01
-7.872315216064453125e+01
-7.872318267822265625e+01
-7.872330474853515625e+01
-7.872319793701171875e+01
-7.872326660156250000e+01
-7.872323608398437500e+01
-7.872310638427734375e+01
-7.872321319580078125e+01
-7.872335815429687500e+01
-7.872325134277343750e+01
-7.872325134277343750e+01
-7.872324371337890625e+01
-7.872334289550781250e+01
-7.872319030761718750e+01
-7.872325897216796875e+01
-7.872320556640625000e+01
-7.872324371337890625e+01
-7.872331237792968750e+01
-7.872328186035156250e+01
-7.872325897216796875e+01
-7.872319030761718750e+01
-7.872328948974609375e+01
-7.872325897216796875e+01
-7.872319030761718750e+01
-7.872329711914062500e+01
-7.872323608398437500e+01
-7.872314453125000000e+01
-7.872319793701171875e+01
-7.872338867187500000e+01
-7.872345733642578125e+01
-7.872332763671875000e+01
-7.872330474853515625e+01
-7.872319793701171875e+01
-7.872344207763671875e+01
-7.872333526611328125e+01
-7.872321319580078125e+01
-7.872319030761718750e+01
-7.872322082519531250e+01
-7.872336578369140625e+01
-7.872328948974609375e+01
-7.872340393066406250e+01
-7.872334289550781250e+01
-7.872326660156250000e+01
-7.872325134277343750e+01
-7.872324371337890625e+01
-7.872357177734375000e+01
-7.872331237792968750e+01
-7.872334289550781250e+01
-7.872324371337890625e+01
-7.872308349609375000e+01
-7.872334289550781250e+01
-7.872329711914062500e+01
-7.872321319580078125e+01
-7.872342681884765625e+01
-7.872342681884765625e+01
-7.872344207763671875e+01
-7.872327423095703125e+01
-7.872332000732421875e+01
-7.872336578369140625e+01
-7.872330474853515625e+01
-7.872341918945312500e+01
-7.872338867187500000e+01
-7.872330474853515625e+01
-7.872335052490234375e+01
-7.872344970703125000e+01
-7.872353363037109375e+01
-7.872351074218750000e+01
-7.872329711914062500e+01
-7.872340393066406250e+01
-7.872328186035156250e+01
-7.872322845458984375e+01
-7.872339630126953125e+01
-7.872328948974609375e+01
-7.872326660156250000e+01
-7.872328186035156250e+01
-7.872329711914062500e+01
-7.872335052490234375e+01
-7.872351074218750000e+01
-7.872330474853515625e+01
-7.872342681884765625e+01
-7.872330474853515625e+01
-7.872336578369140625e+01
-7.872340393066406250e+01
-7.872340393066406250e+01
-7.872338867187500000e+01
-7.872336578369140625e+01
-7.872310638427734375e+01
-7.872337341308593750e+01
-7.872333526611328125e+01
-7.872348785400390625e+01
-7.872347259521484375e+01
-7.872337341308593750e+01
-7.872345733642578125e+01
-7.872351837158203125e+01
-7.872358703613281250e+01
-7.872329711914062500e+01
-7.872341156005859375e+01
-7.872354125976562500e+01
-7.872341918945312500e+01
-7.872338104248046875e+01
-7.872344970703125000e+01
-7.872344207763671875e+01
-7.872338867187500000e+01
-7.872335815429687500e+01
-7.872341918945312500e+01
-7.872344970703125000e+01
-7.872342681884765625e+01
-7.872342681884765625e+01
-7.872350311279296875e+01
-7.872336578369140625e+01
-7.872340393066406250e+01
-7.872340393066406250e+01
-7.872351074218750000e+01
-7.872338104248046875e+01
-7.872348785400390625e+01
-7.872340393066406250e+01
-7.872323608398437500e+01
-7.872347259521484375e+01
-7.872338104248046875e+01
-7.872354888916015625e+01
-7.872355651855468750e+01
-7.872339630126953125e+01
-7.872347259521484375e+01
-7.872341918945312500e+01
-7.872352600097656250e+01
-7.872331237792968750e+01
-7.872325134277343750e+01
-7.872342681884765625e+01
-7.872335815429687500e+01
-7.872332763671875000e+01
-7.872347259521484375e+01
-7.872346496582031250e+01
-7.872338104248046875e+01
-7.872332763671875000e+01
-7.872338867187500000e+01
-7.872341918945312500e+01
-7.872332000732421875e+01
-7.872341156005859375e+01
-7.872338867187500000e+01
-7.872339630126953125e+01
-7.872338104248046875e+01
-7.872358703613281250e+01
-7.872331237792968750e+01
-7.872335815429687500e+01
-7.872338104248046875e+01
-7.872351074218750000e+01
-7.872351074218750000e+01
-7.872344207763671875e+01
-7.872348785400390625e+01
-7.872347259521484375e+01
-7.872344207763671875e+01
-7.872340393066406250e+01
-7.872354125976562500e+01
-7.872342681884765625e+01
-7.872338867187500000e+01
-7.872354888916015625e+01
-7.872335052490234375e+01
-7.872338867187500000e+01
-7.872343444824218750e+01
-7.872344207763671875e+01
-7.872341156005859375e+01
-7.872343444824218750e+01
-7.872360992431640625e+01
-7.872341918945312500e+01
-7.872355651855468750e+01
-7.872360229492187500e+01
-7.872341918945312500e+01
-7.872352600097656250e+01
-7.872344970703125000e+01
-7.872338867187500000e+01
-7.872340393066406250e+01
-7.872351074218750000e+01
-7.872336578369140625e+01
-7.872363281250000000e+01
-7.872347259521484375e+01
-7.872352600097656250e+01
-7.872331237792968750e+01
-7.872351837158203125e+01
-7.872338867187500000e+01
-7.872351837158203125e+01
-7.872364044189453125e+01
-7.872350311279296875e+01
-7.872357177734375000e+01
-7.872343444824218750e+01
-7.872356414794921875e+01
-7.872340393066406250e+01
-7.872351074218750000e+01
-7.872344970703125000e+01
-7.872347259521484375e+01
-7.872350311279296875e+01
-7.872347259521484375e+01
-7.872357177734375000e+01
-7.872346496582031250e+01
-7.872342681884765625e+01
-7.872367858886718750e+01
-7.872345733642578125e+01
-7.872362518310546875e+01
-7.872364044189453125e+01
-7.872348785400390625e+01
-7.872351074218750000e+01
-7.872355651855468750e+01
-7.872343444824218750e+01
-7.872356414794921875e+01
-7.872346496582031250e+01
-7.872352600097656250e+01
-7.872351837158203125e+01
-7.872349548339843750e+01
-7.872360229492187500e+01
-7.872360229492187500e+01
-7.872340393066406250e+01
-7.872357940673828125e+01
-7.872366333007812500e+01
-7.872353363037109375e+01
-7.872371673583984375e+01
-7.872353363037109375e+01
-7.872354888916015625e+01
-7.872346496582031250e+01
-7.872366333007812500e+01
-7.872360229492187500e+01
-7.872357177734375000e+01
-7.872349548339843750e+01
-7.872354888916015625e+01
-7.872348785400390625e+01
-7.872353363037109375e+01
-7.872356414794921875e+01
-7.872357177734375000e+01
-7.872355651855468750e+01
-7.872367095947265625e+01
-7.872364807128906250e+01
-7.872363281250000000e+01
-7.872358703613281250e+01
-7.872370147705078125e+01
-7.872360992431640625e+01
-7.872351074218750000e+01
-7.872370147705078125e+01
-7.872370910644531250e+01
-7.872364044189453125e+01
-7.872356414794921875e+01
-7.872366333007812500e+01
-7.872373962402343750e+01
-7.872366333007812500e+01
-7.872351837158203125e+01
-7.872360992431640625e+01
-7.872377014160156250e+01
-7.872350311279296875e+01
-7.872359466552734375e+01
-7.872357940673828125e+01
-7.872359466552734375e+01
-7.872372436523437500e+01
-7.872362518310546875e+01
-7.872368621826171875e+01
-7.872362518310546875e+01
-7.872354888916015625e+01
-7.872366333007812500e+01
-7.872370910644531250e+01
-7.872348785400390625e+01
-7.872351074218750000e+01
-7.872357177734375000e+01
-7.872370147705078125e+01
-7.872368621826171875e+01
-7.872363281250000000e+01
-7.872364807128906250e+01
-7.872364044189453125e+01
-7.872352600097656250e+01
-7.872380065917968750e+01
-7.872344207763671875e+01
-7.872344970703125000e+01
-7.872360992431640625e+01
-7.872377014160156250e+01
-7.872356414794921875e+01
-7.872344207763671875e+01
-7.872354125976562500e+01
-7.872364044189453125e+01
-7.872358703613281250e+01
-7.872361755371093750e+01
-7.872356414794921875e+01
-7.872363281250000000e+01
-7.872368621826171875e+01
-7.872360229492187500e+01
-7.872373962402343750e+01
-7.872360992431640625e+01
-7.872366333007812500e+01
-7.872364807128906250e+01
-7.872357177734375000e+01
-7.872364044189453125e+01
-7.872367858886718750e+01
-7.872348022460937500e+01
-7.872364807128906250e+01
-7.872364807128906250e+01
-7.872350311279296875e+01
-7.872367095947265625e+01
-7.872360229492187500e+01
-7.872358703613281250e+01
-7.872367858886718750e+01
-7.872364807128906250e+01
-7.872355651855468750e+01
-7.872361755371093750e+01
-7.872361755371093750e+01
-7.872363281250000000e+01
-7.872367858886718750e+01
-7.872378540039062500e+01
-7.872370147705078125e+01
-7.872354888916015625e+01
-7.872370910644531250e+01
-7.872370910644531250e+01
-7.872373962402343750e+01
-7.872364044189453125e+01
-7.872383117675781250e+01
-7.872369384765625000e+01
-7.872364044189453125e+01
-7.872364807128906250e+01
-7.872367095947265625e+01
-7.872377777099609375e+01
-7.872370910644531250e+01
-7.872373199462890625e+01
-7.872368621826171875e+01
-7.872372436523437500e+01
-7.872386169433593750e+01
-7.872357940673828125e+01
-7.872368621826171875e+01
-7.872368621826171875e+01
-7.872371673583984375e+01
-7.872372436523437500e+01
-7.872365570068359375e+01
-7.872370910644531250e+01
-7.872379302978515625e+01
-7.872370910644531250e+01
-7.872367858886718750e+01
-7.872380065917968750e+01
-7.872370910644531250e+01
-7.872358703613281250e+01
-7.872383117675781250e+01
-7.872380065917968750e+01
-7.872379302978515625e+01
-7.872393035888671875e+01
-7.872385406494140625e+01
-7.872383117675781250e+01
-7.872378540039062500e+01
-7.872382354736328125e+01
-7.872361755371093750e+01
-7.872374725341796875e+01
-7.872371673583984375e+01
-7.872385406494140625e+01
-7.872371673583984375e+01
-7.872380828857421875e+01
-7.872361755371093750e+01
-7.872369384765625000e+01
-7.872382354736328125e+01
-7.872370910644531250e+01
-7.872386169433593750e+01
-7.872351837158203125e+01
-7.872376251220703125e+01
-7.872374725341796875e+01
-7.872379302978515625e+01
-7.872386169433593750e+01
-7.872377014160156250e+01
-7.872382354736328125e+01
-7.872384643554687500e+01
-7.872379302978515625e+01
-7.872348785400390625e+01
-7.872377014160156250e+01
-7.872380065917968750e+01
-7.872374725341796875e+01
-7.872378540039062500e+01
-7.872378540039062500e+01
-7.872383117675781250e+01
-7.872371673583984375e+01
-7.872377777099609375e+01
-7.872364807128906250e+01
-7.872394561767578125e+01
-7.872372436523437500e+01
-7.872372436523437500e+01
-7.872370910644531250e+01
-7.872364044189453125e+01
-7.872377014160156250e+01
-7.872369384765625000e+01
-7.872361755371093750e+01
-7.872359466552734375e+01
-7.872378540039062500e+01
-7.872366333007812500e+01
-7.872369384765625000e+01
-7.872381591796875000e+01
-7.872389984130859375e+01
-7.872379302978515625e+01
-7.872368621826171875e+01
-7.872389221191406250e+01
-7.872358703613281250e+01
-7.872367858886718750e+01
-7.872379302978515625e+01
-7.872370147705078125e+01
-7.872380828857421875e+01
-7.872399139404296875e+01
-7.872376251220703125e+01
-7.872379302978515625e+01
-7.872376251220703125e+01
-7.872379302978515625e+01
-7.872369384765625000e+01
-7.872380065917968750e+01
-7.872380828857421875e+01
-7.872379302978515625e+01
-7.872380065917968750e+01
-7.872375488281250000e+01
-7.872376251220703125e+01
-7.872385406494140625e+01
-7.872369384765625000e+01
-7.872383880615234375e+01
-7.872383117675781250e+01
-7.872391510009765625e+01
-7.872371673583984375e+01
-7.872382354736328125e+01
-7.872386169433593750e+01
-7.872371673583984375e+01
-7.872374725341796875e+01
-7.872372436523437500e+01
-7.872364044189453125e+01
-7.872393035888671875e+01
-7.872381591796875000e+01
-7.872372436523437500e+01
-7.872374725341796875e+01
-7.872383880615234375e+01
-7.872380065917968750e+01
-7.872374725341796875e+01
-7.872378540039062500e+01
-7.872372436523437500e+01
-7.872367858886718750e+01
-7.872386932373046875e+01
-7.872396087646484375e+01
-7.872379302978515625e+01
-7.872388458251953125e+01
-7.872393035888671875e+01
-7.872393035888671875e+01
-7.872379302978515625e+01
-7.872377777099609375e+01
-7.872380828857421875e+01
-7.872386932373046875e+01
-7.872392272949218750e+01
-7.872381591796875000e+01
-7.872370910644531250e+01
-7.872383880615234375e+01
-7.872391510009765625e+01
-7.872374725341796875e+01
-7.872396087646484375e+01
-7.872386169433593750e+01
-7.872388458251953125e+01
-7.872373962402343750e+01
-7.872372436523437500e+01
-7.872380828857421875e+01
-7.872376251220703125e+01
-7.872387695312500000e+01
-7.872370147705078125e+01
-7.872378540039062500e+01
-7.872379302978515625e+01
-7.872398376464843750e+01
-7.872390747070312500e+01
-7.872391510009765625e+01
-7.872379302978515625e+01
-7.872393798828125000e+01
-7.872383117675781250e+01
-7.872373962402343750e+01
-7.872376251220703125e+01
-7.872386169433593750e+01
-7.872385406494140625e+01
-7.872373199462890625e+01
-7.872392272949218750e+01
-7.872378540039062500e+01
-7.872373962402343750e+01
-7.872365570068359375e+01
-7.872380065917968750e+01
-7.872389984130859375e+01
-7.872400665283203125e+01
-7.872396850585937500e+01
-7.872378540039062500e+01
-7.872376251220703125e+01
-7.872390747070312500e+01
-7.872366333007812500e+01
-7.872392272949218750e+01
-7.872376251220703125e+01
-7.872380065917968750e+01
-7.872395324707031250e+01
-7.872394561767578125e+01
-7.872391510009765625e+01
-7.872380828857421875e+01
-7.872377777099609375e+01
-7.872389221191406250e+01
-7.872382354736328125e+01
-7.872375488281250000e+01
-7.872387695312500000e+01
-7.872389984130859375e+01
-7.872382354736328125e+01
-7.872406768798828125e+01
-7.872400665283203125e+01
-7.872392272949218750e+01
-7.872376251220703125e+01
-7.872385406494140625e+01
-7.872387695312500000e+01
-7.872383117675781250e+01
-7.872380828857421875e+01
-7.872386932373046875e+01
-7.872390747070312500e+01
-7.872399902343750000e+01
-7.872387695312500000e+01
-7.872403717041015625e+01
-7.872385406494140625e+01
-7.872392272949218750e+01
-7.872407531738281250e+01
-7.872389984130859375e+01
-7.872396850585937500e+01
-7.872384643554687500e+01
-7.872383880615234375e+01
-7.872391510009765625e+01
-7.872386169433593750e+01
-7.872398376464843750e+01
-7.872380065917968750e+01
-7.872398376464843750e+01
-7.872396850585937500e+01
-7.872397613525390625e+01
-7.872388458251953125e+01
-7.872402191162109375e+01
-7.872374725341796875e+01
-7.872373199462890625e+01
-7.872401428222656250e+01
-7.872392272949218750e+01
-7.872399902343750000e+01
-7.872386932373046875e+01
-7.872393798828125000e+01
-7.872396087646484375e+01
-7.872385406494140625e+01
-7.872402191162109375e+01
-7.872388458251953125e+01
-7.872390747070312500e+01
-7.872387695312500000e+01
-7.872386169433593750e+01
-7.872392272949218750e+01
-7.872380828857421875e+01
-7.872389221191406250e+01
-7.872389984130859375e+01
-7.872383880615234375e+01
-7.872398376464843750e+01
-7.872395324707031250e+01
-7.872389984130859375e+01
-7.872394561767578125e+01
-7.872407531738281250e+01
-7.872396850585937500e+01
-7.872383117675781250e+01
-7.872393798828125000e+01
-7.872378540039062500e+01
-7.872376251220703125e+01
-7.872395324707031250e+01
-7.872400665283203125e+01
-7.872392272949218750e+01
-7.872396087646484375e+01
-7.872397613525390625e+01
-7.872387695312500000e+01
-7.872392272949218750e+01
-7.872391510009765625e+01
-7.872386169433593750e+01
-7.872398376464843750e+01
-7.872390747070312500e+01
-7.872393798828125000e+01
-7.872385406494140625e+01
-7.872388458251953125e+01
-7.872402191162109375e+01
-7.872393798828125000e+01
-7.872382354736328125e+01
-7.872388458251953125e+01
-7.872391510009765625e+01
-7.872386169433593750e+01
-7.872364807128906250e+01
-7.872387695312500000e+01
-7.872376251220703125e+01
-7.872397613525390625e+01
-7.872392272949218750e+01
-7.872399139404296875e+01
-7.872380065917968750e+01
-7.872405242919921875e+01
-7.872386169433593750e+01
-7.872399139404296875e+01
-7.872393035888671875e+01
-7.872393798828125000e+01
-7.872382354736328125e+01
-7.872390747070312500e+01
-7.872380065917968750e+01
-7.872398376464843750e+01
-7.872392272949218750e+01
-7.872393035888671875e+01
-7.872399139404296875e+01
-7.872386932373046875e+01
-7.872380065917968750e+01
-7.872396850585937500e+01
-7.872396087646484375e+01
-7.872396087646484375e+01
-7.872396087646484375e+01
-7.872394561767578125e+01
-7.872398376464843750e+01
-7.872395324707031250e+01
-7.872402191162109375e+01
-7.872388458251953125e+01
-7.872386169433593750e+01
-7.872406005859375000e+01
-7.872396087646484375e+01
-7.872386169433593750e+01
-7.872391510009765625e+01
-7.872398376464843750e+01
-7.872384643554687500e+01
-7.872383117675781250e+01
-7.872396087646484375e+01
-7.872393035888671875e+01
-7.872396087646484375e+01
-7.872395324707031250e+01
-7.872388458251953125e+01
-7.872385406494140625e+01
-7.872403717041015625e+01
-7.872402954101562500e+01
-7.872400665283203125e+01
-7.872388458251953125e+01
-7.872383880615234375e+01
-7.872391510009765625e+01
-7.872386932373046875e+01
-7.872402954101562500e+01
-7.872403717041015625e+01
-7.872404479980468750e+01
-7.872385406494140625e+01
-7.872406005859375000e+01
-7.872380828857421875e+01
-7.872393798828125000e+01
-7.872396850585937500e+01
-7.872396850585937500e+01
-7.872402954101562500e+01
-7.872408294677734375e+01
-7.872386932373046875e+01
-7.872397613525390625e+01
-7.872402954101562500e+01
-7.872402191162109375e+01
-7.872388458251953125e+01
-7.872392272949218750e+01
-7.872386169433593750e+01
-7.872400665283203125e+01
-7.872385406494140625e+01
-7.872396850585937500e+01
-7.872393035888671875e+01
-7.872388458251953125e+01
-7.872394561767578125e+01
-7.872399139404296875e+01
-7.872392272949218750e+01
-7.872397613525390625e+01
