-6.855283260345458984e+00
-6.074391555786132812e+01
-7.082467651367187500e+01
-7.618463897705078125e+01
-7.388314819335937500e+01
-7.449105834960937500e+01
-7.594974517822265625e+01
-7.629410552978515625e+01
-7.594351196289062500e+01
-7.620529174804687500e+01
-7.667543792724609375e+01
-7.707522583007812500e+01
-7.740602111816406250e+01
-7.751293182373046875e+01
-7.732738494873046875e+01
-7.718828582763671875e+01
-7.762652587890625000e+01
-7.815373229980468750e+01
-7.799980163574218750e+01
-7.767691040039062500e+01
-7.791572570800781250e+01
-7.837880706787109375e+01
-7.838393402099609375e+01
-7.809185791015625000e+01
-7.809387969970703125e+01
-7.838946533203125000e+01
-7.851420593261718750e+01
-7.835532379150390625e+01
-7.825150299072265625e+01
-7.839617919921875000e+01
-7.857062530517578125e+01
-7.855225372314453125e+01
-7.844017028808593750e+01
-7.843872070312500000e+01
-7.856046295166015625e+01
-7.862881469726562500e+01
-7.856256866455078125e+01
-7.850436401367187500e+01
-7.856219482421875000e+01
-7.863696289062500000e+01
-7.862049865722656250e+01
-7.857346343994140625e+01
-7.858855438232421875e+01
-7.863659667968750000e+01
-7.864431762695312500e+01
-7.863082885742187500e+01
-7.862834930419921875e+01
-7.863864135742187500e+01
-7.864612579345703125e+01
-7.864926147460937500e+01
-7.864682769775390625e+01
-7.864753723144531250e+01
-7.865668487548828125e+01
-7.866307830810546875e+01
-7.865868377685546875e+01
-7.865534210205078125e+01
-7.866185760498046875e+01
-7.866899108886718750e+01
-7.866885375976562500e+01
-7.866510009765625000e+01
-7.866445922851562500e+01
-7.866906738281250000e+01
-7.867281341552734375e+01
-7.867080688476562500e+01
-7.866880798339843750e+01
-7.867218780517578125e+01
-7.867506408691406250e+01
-7.867306518554687500e+01
-7.867172241210937500e+01
-7.867452239990234375e+01
-7.867641448974609375e+01
-7.867459869384765625e+01
-7.867333984375000000e+01
-7.867539215087890625e+01
-7.867745208740234375e+01
-7.867647552490234375e+01
-7.867491149902343750e+01
-7.867609405517578125e+01
-7.867746734619140625e+01
-7.867691802978515625e+01
-7.867632293701171875e+01
-7.867707824707031250e+01
-7.867739105224609375e+01
-7.867716217041015625e+01
-7.867723846435546875e+01
-7.867751312255859375e+01
-7.867764282226562500e+01
-7.867762756347656250e+01
-7.867749023437500000e+01
-7.867758941650390625e+01
-7.867784881591796875e+01
-7.867794799804687500e+01
-7.867782592773437500e+01
-7.867783355712890625e+01
-7.867794036865234375e+01
-7.867799377441406250e+01
-7.867793273925781250e+01
-7.867792510986328125e+01
-7.867803192138671875e+01
-7.867807006835937500e+01
-7.867799377441406250e+01
-7.867807769775390625e+01
-7.867818450927734375e+01
-7.867812347412109375e+01
-7.867812347412109375e+01
-7.867806243896484375e+01
-7.867818450927734375e+01
-7.867817687988281250e+01
-7.867813873291015625e+01
-7.867813873291015625e+01
-7.867826080322265625e+01
-7.867818450927734375e+01
-7.867816162109375000e+01
-7.867817687988281250e+01
-7.867824554443359375e+01
-7.867819976806640625e+01
-7.867821502685546875e+01
-7.867824554443359375e+01
-7.867818450927734375e+01
-7.867830657958984375e+01
-7.867821502685546875e+01
-7.867821502685546875e+01
-7.867823028564453125e+01
-7.867821502685546875e+01
-7.867816162109375000e+01
-7.867823791503906250e+01
-7.867827606201171875e+01
-7.867821502685546875e+01
-7.867826080322265625e+01
-7.867817687988281250e+01
-7.867823028564453125e+01
-7.867819976806640625e+01
-7.867823028564453125e+01
-7.867826843261718750e+01
-7.867822265625000000e+01
-7.867822265625000000e+01
-7.867827606201171875e+01
-7.867819213867187500e+01
-7.867826080322265625e+01
-7.867820739746093750e+01
-7.867829895019531250e+01
-7.867824554443359375e+01
-7.867824554443359375e+01
-7.867828369140625000e+01
-7.867819213867187500e+01
-7.867819976806640625e+01
-7.867827606201171875e+01
-7.867821502685546875e+01
-7.867826843261718750e+01
-7.867816162109375000e+01
-7.867823791503906250e+01
-7.867820739746093750e+01
-7.867823028564453125e+01
-7.867815399169921875e+01
-7.867827606201171875e+01
-7.867826080322265625e+01
-7.867824554443359375e+01
-7.867821502685546875e+01
-7.867818450927734375e+01
-7.867824554443359375e+01
-7.867825317382812500e+01
-7.867826080322265625e+01
-7.867823028564453125e+01
-7.867820739746093750e+01
-7.867823791503906250e+01
-7.867826080322265625e+01
-7.867823028564453125e+01
-7.867830657958984375e+01
-7.867825317382812500e+01
-7.867819213867187500e+01
-7.867823028564453125e+01
-7.867826080322265625e+01
-7.867826080322265625e+01
-7.867825317382812500e+01
-7.867823028564453125e+01
-7.867829132080078125e+01
-7.867819976806640625e+01
-7.867825317382812500e+01
-7.867825317382812500e+01
-7.867813873291015625e+01
-7.867824554443359375e+01
-7.867822265625000000e+01
-7.867819213867187500e+01
-7.867821502685546875e+01
-7.867822265625000000e+01
-7.867822265625000000e+01
-7.867818450927734375e+01
-7.867820739746093750e+01
-7.867820739746093750e+01
-7.867820739746093750e+01
-7.867827606201171875e+01
-7.867820739746093750e+01
-7.867824554443359375e+01
-7.867816162109375000e+01
-7.867819213867187500e+01
-7.867823028564453125e+01
-7.867826843261718750e+01
-7.867825317382812500e+01
-7.867817687988281250e+01
-7.867823791503906250e+01
-7.867826843261718750e+01
-7.867824554443359375e+01
-7.867825317382812500e+01
-7.867824554443359375e+01
-7.867827606201171875e+01
-7.867820739746093750e+01
-7.867820739746093750e+01
-7.867827606201171875e+01
-7.867822265625000000e+01
-7.867826080322265625e+01
-7.867819213867187500e+01
-7.867826843261718750e+01
-7.867826080322265625e+01
-7.867826843261718750e+01
-7.867823791503906250e+01
-7.867823791503906250e+01
-7.867823028564453125e+01
-7.867819976806640625e+01
-7.867822265625000000e+01
-7.867817687988281250e+01
-7.867828369140625000e+01
-7.867827606201171875e+01
-7.867820739746093750e+01
-7.867823028564453125e+01
-7.867817687988281250e+01
-7.867823791503906250e+01
-7.867816162109375000e+01
-7.867827606201171875e+01
-7.867827606201171875e+01
-7.867820739746093750e+01
-7.867829132080078125e+01
-7.867825317382812500e+01
-7.867826080322265625e+01
-7.867820739746093750e+01
-7.867823791503906250e+01
-7.867822265625000000e+01
-7.867822265625000000e+01
-7.867824554443359375e+01
-7.867820739746093750e+01
-7.867823028564453125e+01
-7.867815399169921875e+01
-7.867820739746093750e+01
-7.867824554443359375e+01
-7.867819213867187500e+01
-7.867814636230468750e+01
-7.867822265625000000e+01
-7.867819976806640625e+01
-7.867823791503906250e+01
-7.867814636230468750e+01
-7.867819213867187500e+01
-7.867829132080078125e+01
-7.867819976806640625e+01
-7.867823791503906250e+01
-7.867832946777343750e+01
-7.867820739746093750e+01
-7.867826080322265625e+01
-7.867826843261718750e+01
-7.867830657958984375e+01
-7.867831420898437500e+01
-7.867815399169921875e+01
-7.867823028564453125e+01
-7.867820739746093750e+01
-7.867825317382812500e+01
-7.867823791503906250e+01
-7.867827606201171875e+01
-7.867819213867187500e+01
-7.867821502685546875e+01
-7.867821502685546875e+01
-7.867823791503906250e+01
-7.867823028564453125e+01
-7.867822265625000000e+01
-7.867828369140625000e+01
-7.867815399169921875e+01
-7.867815399169921875e+01
-7.867816925048828125e+01
-7.867818450927734375e+01
-7.867823028564453125e+01
-7.867811584472656250e+01
-7.867826080322265625e+01
-7.867822265625000000e+01
-7.867826080322265625e+01
-7.867823791503906250e+01
-7.867822265625000000e+01
-7.867820739746093750e+01
-7.867819976806640625e+01
-7.867824554443359375e+01
-7.867827606201171875e+01
-7.867827606201171875e+01
-7.867826843261718750e+01
-7.867820739746093750e+01
-7.867827606201171875e+01
-7.867825317382812500e+01
-7.867822265625000000e+01
-7.867820739746093750e+01
-7.867823791503906250e+01
-7.867823791503906250e+01
-7.867824554443359375e+01
-7.867823028564453125e+01
-7.867819976806640625e+01
-7.867816162109375000e+01
-7.867822265625000000e+01
-7.867826843261718750e+01
-7.867822265625000000e+01
-7.867819976806640625e+01
-7.867828369140625000e+01
-7.867818450927734375e+01
-7.867823028564453125e+01
-7.867820739746093750e+01
-7.867820739746093750e+01
-7.867820739746093750e+01
-7.867828369140625000e+01
-7.867819976806640625e+01
-7.867819976806640625e+01
-7.867824554443359375e+01
-7.867816162109375000e+01
-7.867820739746093750e+01
-7.867817687988281250e+01
-7.867822265625000000e+01
-7.867822265625000000e+01
-7.867824554443359375e+01
-7.867827606201171875e+01
-7.867819976806640625e+01
-7.867826080322265625e+01
-7.867826843261718750e+01
-7.867826080322265625e+01
-7.867826843261718750e+01
-7.867819976806640625e+01
-7.867818450927734375e+01
-7.867823028564453125e+01
-7.867823791503906250e+01
-7.867823028564453125e+01
-7.867824554443359375e+01
-7.867823791503906250e+01
-7.867822265625000000e+01
-7.867827606201171875e+01
-7.867825317382812500e+01
-7.867826843261718750e+01
-7.867829895019531250e+01
-7.867823028564453125e+01
-7.867822265625000000e+01
-7.867820739746093750e+01
-7.867821502685546875e+01
-7.867815399169921875e+01
-7.867825317382812500e+01
-7.867827606201171875e+01
-7.867823791503906250e+01
-7.867815399169921875e+01
-7.867819213867187500e+01
-7.867820739746093750e+01
-7.867823028564453125e+01
-7.867824554443359375e+01
-7.867820739746093750e+01
-7.867823791503906250e+01
-7.867823028564453125e+01
-7.867823028564453125e+01
-7.867826843261718750e+01
-7.867823791503906250e+01
-7.867823791503906250e+01
-7.867815399169921875e+01
-7.867818450927734375e+01
-7.867823791503906250e+01
-7.867816925048828125e+01
-7.867817687988281250e+01
-7.867823028564453125e+01
-7.867820739746093750e+01
-7.867819976806640625e+01
-7.867818450927734375e+01
-7.867826080322265625e+01
-7.867826080322265625e+01
-7.867819976806640625e+01
-7.867823791503906250e+01
-7.867820739746093750e+01
-7.867824554443359375e+01
-7.867823028564453125e+01
-7.867819976806640625e+01
-7.867827606201171875e+01
-7.867818450927734375e+01
-7.867819213867187500e+01
-7.867826080322265625e+01
-7.867826843261718750e+01
-7.867815399169921875e+01
-7.867823028564453125e+01
-7.867817687988281250e+01
-7.867820739746093750e+01
-7.867829132080078125e+01
-7.867823791503906250e+01
-7.867826843261718750e+01
-7.867817687988281250e+01
-7.867819976806640625e+01
-7.867820739746093750e+01
-7.867820739746093750e+01
-7.867823028564453125e+01
-7.867823028564453125e+01
-7.867823028564453125e+01
-7.867825317382812500e+01
-7.867825317382812500e+01
-7.867819976806640625e+01
-7.867825317382812500e+01
-7.867817687988281250e+01
-7.867823028564453125e+01
-7.867819976806640625e+01
-7.867819213867187500e+01
-7.867823028564453125e+01
-7.867816162109375000e+01
-7.867819213867187500e+01
-7.867816162109375000e+01
-7.867828369140625000e+01
-7.867822265625000000e+01
-7.867826843261718750e+01
-7.867822265625000000e+01
-7.867824554443359375e+01
-7.867825317382812500e+01
-7.867828369140625000e+01
-7.867823791503906250e+01
-7.867822265625000000e+01
-7.867826080322265625e+01
-7.867828369140625000e+01
-7.867817687988281250e+01
-7.867816925048828125e+01
-7.867820739746093750e+01
-7.867828369140625000e+01
-7.867819213867187500e+01
-7.867825317382812500e+01
-7.867823791503906250e+01
-7.867820739746093750e+01
-7.867822265625000000e+01
-7.867817687988281250e+01
-7.867822265625000000e+01
-7.867820739746093750e+01
-7.867819213867187500e+01
-7.867826843261718750e+01
-7.867812347412109375e+01
-7.867817687988281250e+01
-7.867819976806640625e+01
-7.867817687988281250e+01
-7.867823791503906250e+01
-7.867829132080078125e+01
-7.867823028564453125e+01
-7.867816162109375000e+01
-7.867819976806640625e+01
-7.867822265625000000e+01
-7.867821502685546875e+01
-7.867826080322265625e+01
-7.867826080322265625e+01
-7.867822265625000000e+01
-7.867819976806640625e+01
-7.867821502685546875e+01
-7.867820739746093750e+01
-7.867823791503906250e+01
-7.867825317382812500e+01
-7.867820739746093750e+01
-7.867817687988281250e+01
-7.867820739746093750e+01
-7.867811584472656250e+01
-7.867826843261718750e+01
-7.867820739746093750e+01
-7.867817687988281250e+01
-7.867820739746093750e+01
-7.867823791503906250e+01
-7.867820739746093750e+01
-7.867828369140625000e+01
-7.867823791503906250e+01
-7.867828369140625000e+01
-7.867819213867187500e+01
-7.867813110351562500e+01
-7.867823028564453125e+01
-7.867823791503906250e+01
-7.867820739746093750e+01
-7.867825317382812500e+01
-7.867817687988281250e+01
-7.867823791503906250e+01
-7.867819213867187500e+01
-7.867820739746093750e+01
-7.867819976806640625e+01
-7.867823028564453125e+01
-7.867827606201171875e+01
-7.867824554443359375e+01
-7.867821502685546875e+01
-7.867820739746093750e+01
-7.867823028564453125e+01
-7.867820739746093750e+01
-7.867824554443359375e+01
-7.867820739746093750e+01
-7.867829132080078125e+01
-7.867822265625000000e+01
-7.867818450927734375e+01
-7.867822265625000000e+01
-7.867820739746093750e+01
-7.867816925048828125e+01
-7.867823791503906250e+01
-7.867819213867187500e+01
-7.867818450927734375e+01
-7.867825317382812500e+01
-7.867816162109375000e+01
-7.867826080322265625e+01
-7.867819213867187500e+01
-7.867830657958984375e+01
-7.867823028564453125e+01
-7.867826843261718750e+01
-7.867826080322265625e+01
-7.867817687988281250e+01
-7.867828369140625000e+01
-7.867815399169921875e+01
-7.867818450927734375e+01
-7.867825317382812500e+01
-7.867823028564453125e+01
-7.867823791503906250e+01
-7.867819976806640625e+01
-7.867820739746093750e+01
-7.867821502685546875e+01
-7.867826843261718750e+01
-7.867829132080078125e+01
-7.867823028564453125e+01
-7.867821502685546875e+01
-7.867822265625000000e+01
-7.867827606201171875e+01
-7.867817687988281250e+01
-7.867825317382812500e+01
-7.867824554443359375e+01
-7.867823791503906250e+01
-7.867826080322265625e+01
-7.867828369140625000e+01
-7.867819976806640625e+01
-7.867825317382812500e+01
-7.867819976806640625e+01
-7.867820739746093750e+01
-7.867820739746093750e+01
-7.867830657958984375e+01
-7.867824554443359375e+01
-7.867825317382812500e+01
-7.867823791503906250e+01
-7.867822265625000000e+01
-7.867826080322265625e+01
-7.867819213867187500e+01
-7.867827606201171875e+01
-7.867818450927734375e+01
-7.867822265625000000e+01
-7.867826843261718750e+01
-7.867813110351562500e+01
-7.867824554443359375e+01
-7.867825317382812500e+01
-7.867823791503906250e+01
-7.867827606201171875e+01
-7.867823028564453125e+01
-7.867817687988281250e+01
-7.867819213867187500e+01
-7.867823791503906250e+01
-7.867826843261718750e+01
-7.867822265625000000e+01
-7.867823791503906250e+01
-7.867821502685546875e+01
-7.867829132080078125e+01
-7.867828369140625000e+01
-7.867816162109375000e+01
-7.867817687988281250e+01
-7.867830657958984375e+01
-7.867826843261718750e+01
-7.867822265625000000e+01
-7.867828369140625000e+01
-7.867819213867187500e+01
-7.867822265625000000e+01
-7.867819976806640625e+01
-7.867823791503906250e+01
-7.867819976806640625e+01
-7.867821502685546875e+01
-7.867826080322265625e+01
-7.867823791503906250e+01
-7.867819213867187500e+01
-7.867824554443359375e+01
-7.867828369140625000e+01
-7.867824554443359375e+01
-7.867816925048828125e+01
-7.867823791503906250e+01
-7.867816925048828125e+01
-7.867822265625000000e+01
-7.867827606201171875e+01
-7.867823028564453125e+01
-7.867819976806640625e+01
-7.867823791503906250e+01
-7.867823028564453125e+01
-7.867819976806640625e+01
-7.867824554443359375e+01
-7.867829132080078125e+01
-7.867826080322265625e+01
-7.867814636230468750e+01
-7.867815399169921875e+01
-7.867826843261718750e+01
-7.867822265625000000e+01
-7.867826843261718750e+01
-7.867828369140625000e+01
-7.867815399169921875e+01
-7.867820739746093750e+01
-7.867827606201171875e+01
-7.867822265625000000e+01
-7.867821502685546875e+01
-7.867822265625000000e+01
-7.867814636230468750e+01
-7.867822265625000000e+01
-7.867818450927734375e+01
-7.867822265625000000e+01
-7.867821502685546875e+01
-7.867822265625000000e+01
-7.867820739746093750e+01
-7.867820739746093750e+01
-7.867813873291015625e+01
-7.867819976806640625e+01
-7.867823028564453125e+01
-7.867827606201171875e+01
-7.867823028564453125e+01
-7.867827606201171875e+01
-7.867822265625000000e+01
-7.867823791503906250e+01
-7.867819213867187500e+01
-7.867818450927734375e+01
-7.867827606201171875e+01
-7.867825317382812500e+01
-7.867824554443359375e+01
-7.867824554443359375e+01
-7.867826080322265625e+01
-7.867824554443359375e+01
-7.867825317382812500e+01
-7.867825317382812500e+01
-7.867820739746093750e+01
-7.867823028564453125e+01
-7.867824554443359375e+01
-7.867815399169921875e+01
-7.867822265625000000e+01
-7.867820739746093750e+01
-7.867816925048828125e+01
-7.867825317382812500e+01
-7.867819976806640625e+01
-7.867818450927734375e+01
-7.867823791503906250e+01
-7.867824554443359375e+01
-7.867819976806640625e+01
-7.867820739746093750e+01
-7.867823028564453125e+01
-7.867829132080078125e+01
-7.867825317382812500e+01
-7.867826843261718750e+01
-7.867818450927734375e+01
-7.867820739746093750e+01
-7.867824554443359375e+01
-7.867819213867187500e+01
-7.867823791503906250e+01
-7.867823028564453125e+01
-7.867822265625000000e+01
-7.867826080322265625e+01
-7.867827606201171875e+01
-7.867823791503906250e+01
-7.867826080322265625e+01
-7.867823028564453125e+01
-7.867817687988281250e+01
-7.867819213867187500e+01
-7.867821502685546875e+01
-7.867819213867187500e+01
-7.867820739746093750e+01
-7.867820739746093750e+01
-7.867831420898437500e+01
-7.867824554443359375e+01
-7.867826080322265625e+01
-7.867822265625000000e+01
-7.867823791503906250e+01
-7.867822265625000000e+01
-7.867821502685546875e+01
-7.867821502685546875e+01
-7.867822265625000000e+01
-7.867823028564453125e+01
-7.867826080322265625e+01
-7.867826080322265625e+01
-7.867825317382812500e+01
-7.867817687988281250e+01
-7.867816925048828125e+01
-7.867820739746093750e+01
-7.867826080322265625e+01
-7.867811584472656250e+01
-7.867822265625000000e+01
-7.867815399169921875e+01
-7.867826080322265625e+01
-7.867812347412109375e+01
-7.867820739746093750e+01
-7.867823028564453125e+01
-7.867816925048828125e+01
-7.867815399169921875e+01
-7.867821502685546875e+01
-7.867824554443359375e+01
-7.867820739746093750e+01
-7.867826080322265625e+01
-7.867819976806640625e+01
-7.867820739746093750e+01
-7.867819213867187500e+01
-7.867824554443359375e+01
-7.867821502685546875e+01
-7.867819213867187500e+01
-7.867823028564453125e+01
-7.867832183837890625e+01
-7.867823791503906250e+01
-7.867823028564453125e+01
-7.867820739746093750e+01
-7.867819213867187500e+01
-7.867825317382812500e+01
-7.867821502685546875e+01
-7.867820739746093750e+01
-7.867820739746093750e+01
-7.867829132080078125e+01
-7.867813110351562500e+01
-7.867826843261718750e+01
-7.867823791503906250e+01
-7.867819213867187500e+01
-7.867828369140625000e+01
-7.867828369140625000e+01
-7.867817687988281250e+01
-7.867824554443359375e+01
-7.867818450927734375e+01
-7.867820739746093750e+01
-7.867823791503906250e+01
-7.867821502685546875e+01
-7.867828369140625000e+01
-7.867823791503906250e+01
-7.867826080322265625e+01
-7.867822265625000000e+01
-7.867829132080078125e+01
-7.867825317382812500e+01
-7.867829895019531250e+01
-7.867826843261718750e+01
-7.867816162109375000e+01
-7.867813110351562500e+01
-7.867819976806640625e+01
-7.867825317382812500e+01
-7.867813873291015625e+01
-7.867823028564453125e+01
-7.867825317382812500e+01
-7.867826080322265625e+01
-7.867824554443359375e+01
-7.867823791503906250e+01
-7.867823791503906250e+01
-7.867821502685546875e+01
-7.867823791503906250e+01
-7.867826843261718750e+01
-7.867829132080078125e+01
-7.867823791503906250e+01
-7.867822265625000000e+01
-7.867817687988281250e+01
-7.867823028564453125e+01
-7.867829132080078125e+01
-7.867828369140625000e+01
-7.867823028564453125e+01
-7.867817687988281250e+01
-7.867818450927734375e+01
-7.867821502685546875e+01
-7.867823791503906250e+01
-7.867824554443359375e+01
-7.867825317382812500e+01
-7.867817687988281250e+01
-7.867821502685546875e+01
-7.867820739746093750e+01
-7.867826843261718750e+01
-7.867826080322265625e+01
-7.867821502685546875e+01
-7.867817687988281250e+01
-7.867826080322265625e+01
-7.867826080322265625e+01
-7.867823028564453125e+01
-7.867821502685546875e+01
-7.867828369140625000e+01
-7.867816925048828125e+01
-7.867825317382812500e+01
-7.867823028564453125e+01
-7.867823791503906250e+01
-7.867825317382812500e+01
-7.867824554443359375e+01
-7.867819976806640625e+01
-7.867820739746093750e+01
-7.867818450927734375e+01
-7.867826843261718750e+01
-7.867823028564453125e+01
-7.867817687988281250e+01
-7.867821502685546875e+01
-7.867819976806640625e+01
-7.867819976806640625e+01
-7.867823028564453125e+01
-7.867826843261718750e+01
-7.867823028564453125e+01
-7.867823028564453125e+01
-7.867825317382812500e+01
-7.867814636230468750e+01
-7.867826843261718750e+01
-7.867816925048828125e+01
-7.867819213867187500e+01
-7.867826843261718750e+01
-7.867822265625000000e+01
-7.867818450927734375e+01
-7.867826080322265625e+01
-7.867821502685546875e+01
-7.867827606201171875e+01
-7.867821502685546875e+01
-7.867822265625000000e+01
-7.867820739746093750e+01
-7.867822265625000000e+01
-7.867823791503906250e+01
-7.867818450927734375e+01
-7.867818450927734375e+01
-7.867829132080078125e+01
-7.867827606201171875e+01
-7.867825317382812500e+01
-7.867823791503906250e+01
-7.867827606201171875e+01
-7.867824554443359375e+01
-7.867818450927734375e+01
-7.867826843261718750e+01
-7.867826080322265625e+01
-7.867824554443359375e+01
-7.867823028564453125e+01
-7.867821502685546875e+01
-7.867826843261718750e+01
-7.867823791503906250e+01
-7.867820739746093750e+01
-7.867828369140625000e+01
-7.867824554443359375e+01
-7.867823791503906250e+01
-7.867824554443359375e+01
-7.867816162109375000e+01
-7.867823028564453125e+01
-7.867822265625000000e+01
-7.867822265625000000e+01
-7.867826843261718750e+01
-7.867824554443359375e+01
-7.867828369140625000e+01
-7.867825317382812500e+01
-7.867824554443359375e+01
-7.867825317382812500e+01
-7.867822265625000000e+01
-7.867821502685546875e+01
-7.867829132080078125e+01
-7.867829132080078125e+01
-7.867821502685546875e+01
-7.867826080322265625e+01
-7.867818450927734375e+01
-7.867823791503906250e+01
-7.867817687988281250e+01
-7.867826080322265625e+01
-7.867823791503906250e+01
-7.867822265625000000e+01
-7.867816162109375000e+01
-7.867819213867187500e+01
-7.867825317382812500e+01
-7.867821502685546875e+01
-7.867826843261718750e+01
-7.867820739746093750e+01
-7.867829132080078125e+01
-7.867826843261718750e+01
-7.867815399169921875e+01
-7.867819976806640625e+01
-7.867827606201171875e+01
-7.867827606201171875e+01
-7.867816925048828125e+01
-7.867826080322265625e+01
-7.867827606201171875e+01
-7.867823028564453125e+01
-7.867819213867187500e+01
-7.867825317382812500e+01
-7.867819213867187500e+01
-7.867821502685546875e+01
-7.867819976806640625e+01
-7.867828369140625000e+01
-7.867824554443359375e+01
-7.867821502685546875e+01
-7.867822265625000000e+01
-7.867829132080078125e+01
-7.867819213867187500e+01
-7.867820739746093750e+01
-7.867822265625000000e+01
-7.867824554443359375e+01
-7.867820739746093750e+01
-7.867819976806640625e+01
-7.867819976806640625e+01
-7.867822265625000000e+01
-7.867820739746093750e+01
-7.867819976806640625e+01
-7.867819213867187500e+01
-7.867822265625000000e+01
-7.867824554443359375e+01
-7.867824554443359375e+01
-7.867820739746093750e+01
-7.867818450927734375e+01
-7.867823028564453125e+01
-7.867826843261718750e+01
-7.867822265625000000e+01
-7.867824554443359375e+01
-7.867826080322265625e+01
-7.867827606201171875e+01
-7.867815399169921875e+01
-7.867823028564453125e+01
-7.867821502685546875e+01
-7.867828369140625000e+01
-7.867823028564453125e+01
-7.867821502685546875e+01
-7.867820739746093750e+01
-7.867821502685546875e+01
-7.867829132080078125e+01
-7.867819976806640625e+01
-7.867827606201171875e+01
-7.867816162109375000e+01
-7.867824554443359375e+01
-7.867820739746093750e+01
-7.867816162109375000e+01
-7.867825317382812500e+01
-7.867828369140625000e+01
-7.867822265625000000e+01
-7.867820739746093750e+01
-7.867819213867187500e+01
-7.867819976806640625e+01
-7.867824554443359375e+01
-7.867823791503906250e+01
-7.867823791503906250e+01
-7.867816162109375000e+01
-7.867826080322265625e+01
-7.867823028564453125e+01
-7.867820739746093750e+01
-7.867823791503906250e+01
-7.867826843261718750e+01
-7.867823791503906250e+01
-7.867824554443359375e+01
-7.867824554443359375e+01
-7.867816925048828125e+01
-7.867819976806640625e+01
-7.867826080322265625e+01
-7.867821502685546875e+01
-7.867814636230468750e+01
-7.867818450927734375e+01
-7.867822265625000000e+01
-7.867819213867187500e+01
-7.867821502685546875e+01
-7.867835235595703125e+01
-7.867819213867187500e+01
-7.867825317382812500e+01
-7.867823028564453125e+01
-7.867823028564453125e+01
-7.867826080322265625e+01
-7.867818450927734375e+01
-7.867822265625000000e+01
-7.867826080322265625e+01
-7.867823028564453125e+01
-7.867821502685546875e+01
-7.867821502685546875e+01
-7.867813873291015625e+01
-7.867825317382812500e+01
-7.867820739746093750e+01
-7.867816162109375000e+01
-7.867820739746093750e+01
-7.867823028564453125e+01
-7.867821502685546875e+01
-7.867826843261718750e+01
-7.867824554443359375e+01
-7.867826080322265625e+01
-7.867818450927734375e+01
-7.867823028564453125e+01
-7.867824554443359375e+01
-7.867816162109375000e+01
-7.867818450927734375e+01
-7.867819213867187500e+01
-7.867825317382812500e+01
-7.867814636230468750e+01
-7.867820739746093750e+01
-7.867819213867187500e+01
-7.867821502685546875e+01
-7.867820739746093750e+01
-7.867821502685546875e+01
-7.867825317382812500e+01
-7.867819213867187500e+01
-7.867822265625000000e+01
-7.867823791503906250e+01
-7.867817687988281250e+01
-7.867821502685546875e+01
-7.867815399169921875e+01
-7.867824554443359375e+01
-7.867823028564453125e+01
-7.867818450927734375e+01
-7.867826843261718750e+01
-7.867819976806640625e+01
-7.867824554443359375e+01
-7.867818450927734375e+01
-7.867825317382812500e+01
-7.867823791503906250e+01
-7.867829895019531250e+01
-7.867813873291015625e+01
-7.867823028564453125e+01
-7.867823791503906250e+01
-7.867818450927734375e+01
-7.867826843261718750e+01
-7.867827606201171875e+01
-7.867821502685546875e+01
-7.867821502685546875e+01
-7.867822265625000000e+01
-7.867823028564453125e+01
-7.867819213867187500e+01
-7.867826843261718750e+01
-7.867824554443359375e+01
-7.867817687988281250e+01
-7.867825317382812500e+01
-7.867819976806640625e+01
-7.867818450927734375e+01
-7.867825317382812500e+01
-7.867823791503906250e+01
-7.867826843261718750e+01
-7.867823028564453125e+01
-7.867829132080078125e+01
-7.867824554443359375e+01
-7.867831420898437500e+01
-7.867827606201171875e+01
-7.867818450927734375e+01
-7.867827606201171875e+01
-7.867828369140625000e+01
-7.867831420898437500e+01
-7.867819213867187500e+01
-7.867819976806640625e+01
-7.867813110351562500e+01
-7.867823028564453125e+01
-7.867826843261718750e+01
-7.867825317382812500e+01
-7.867827606201171875e+01
-7.867819976806640625e+01
-7.867825317382812500e+01
-7.867816162109375000e+01
-7.867825317382812500e+01
-7.867821502685546875e+01
-7.867823028564453125e+01
-7.867823028564453125e+01
-7.867825317382812500e+01
-7.867826080322265625e+01
-7.867823028564453125e+01
-7.867822265625000000e+01
-7.867829895019531250e+01
-7.867827606201171875e+01
-7.867823028564453125e+01
-7.867819976806640625e+01
-7.867825317382812500e+01
-7.867819213867187500e+01
-7.867827606201171875e+01
-7.867820739746093750e+01
-7.867825317382812500e+01
-7.867823028564453125e+01
-7.867826843261718750e+01
-7.867828369140625000e+01
-7.867824554443359375e+01
-7.867824554443359375e+01
-7.867819213867187500e+01
-7.867823028564453125e+01
-7.867827606201171875e+01
-7.867820739746093750e+01
-7.867825317382812500e+01
-7.867825317382812500e+01
-7.867826080322265625e+01
-7.867823791503906250e+01
-7.867819976806640625e+01
-7.867815399169921875e+01
-7.867824554443359375e+01
-7.867826080322265625e+01
-7.867824554443359375e+01
-7.867820739746093750e+01
-7.867818450927734375e+01
-7.867821502685546875e+01
-7.867828369140625000e+01
-7.867816925048828125e+01
-7.867826843261718750e+01
-7.867817687988281250e+01
-7.867818450927734375e+01
-7.867825317382812500e+01
-7.867818450927734375e+01
-7.867823791503906250e+01
-7.867826080322265625e+01
-7.867821502685546875e+01
-7.867814636230468750e+01
-7.867823028564453125e+01
-7.867816162109375000e+01
-7.867819976806640625e+01
-7.867825317382812500e+01
-7.867823028564453125e+01
-7.867823791503906250e+01
-7.867817687988281250e+01
-7.867817687988281250e+01
-7.867828369140625000e+01
-7.867827606201171875e+01
-7.867816162109375000e+01
-7.867822265625000000e+01
-7.867821502685546875e+01
-7.867823791503906250e+01
-7.867819213867187500e+01
-7.867822265625000000e+01
-7.867823028564453125e+01
-7.867819976806640625e+01
-7.867819976806640625e+01
-7.867826080322265625e+01
-7.867823028564453125e+01
-7.867823791503906250e+01
-7.867815399169921875e+01
-7.867823791503906250e+01
-7.867816162109375000e+01
-7.867823791503906250e+01
-7.867828369140625000e+01
-7.867824554443359375e+01
-7.867816162109375000e+01
-7.867829132080078125e+01
-7.867826080322265625e+01
-7.867825317382812500e+01
-7.867824554443359375e+01
-7.867823028564453125e+01
-7.867819213867187500e+01
-7.867830657958984375e+01
-7.867814636230468750e+01
-7.867826080322265625e+01
-7.867823791503906250e+01
-7.867824554443359375e+01
-7.867826843261718750e+01
-7.867819213867187500e+01
-7.867825317382812500e+01
-7.867822265625000000e+01
-7.867823791503906250e+01
-7.867829132080078125e+01
-7.867825317382812500e+01
-7.867821502685546875e+01
-7.867817687988281250e+01
-7.867826843261718750e+01
-7.867812347412109375e+01
-7.867822265625000000e+01
-7.867823028564453125e+01
-7.867820739746093750e+01
-7.867823028564453125e+01
-7.867823028564453125e+01
-7.867826080322265625e+01
-7.867823791503906250e+01
-7.867819213867187500e+01
-7.867823791503906250e+01
-7.867822265625000000e+01
-7.867823028564453125e+01
-7.867816162109375000e+01
-7.867813110351562500e+01
-7.867817687988281250e+01
-7.867827606201171875e+01
-7.867823791503906250e+01
-7.867819976806640625e+01
-7.867829895019531250e+01
-7.867826080322265625e+01
-7.867822265625000000e+01
-7.867823028564453125e+01
-7.867825317382812500e+01
-7.867815399169921875e+01
-7.867826080322265625e+01
-7.867820739746093750e+01
-7.867818450927734375e+01
-7.867825317382812500e+01
-7.867823791503906250e+01
-7.867820739746093750e+01
-7.867826843261718750e+01
-7.867820739746093750e+01
-7.867820739746093750e+01
-7.867823028564453125e+01
-7.867818450927734375e+01
-7.867823791503906250e+01
-7.867823028564453125e+01
-7.867826080322265625e+01
-7.867825317382812500e+01
-7.867822265625000000e+01
-7.867819976806640625e+01
-7.867822265625000000e+01
-7.867827606201171875e+01
-7.867826080322265625e+01
-7.867820739746093750e+01
-7.867830657958984375e+01
-7.867825317382812500e+01
-7.867819213867187500e+01
-7.867819213867187500e+01
-7.867816162109375000e+01
-7.867817687988281250e+01
-7.867827606201171875e+01
-7.867828369140625000e+01
-7.867816162109375000e+01
-7.867819976806640625e+01
-7.867820739746093750e+01
-7.867821502685546875e+01
-7.867820739746093750e+01
-7.867822265625000000e+01
-7.867813873291015625e+01
-7.867818450927734375e+01
-7.867824554443359375e+01
-7.867825317382812500e+01
-7.867823791503906250e+01
-7.867814636230468750e+01
-7.867818450927734375e+01
-7.867822265625000000e+01
-7.867819213867187500e+01
-7.867815399169921875e+01
-7.867818450927734375e+01
-7.867820739746093750e+01
-7.867825317382812500e+01
-7.867822265625000000e+01
-7.867828369140625000e+01
-7.867823028564453125e+01
-7.867818450927734375e+01
-7.867818450927734375e+01
-7.867819213867187500e+01
-7.867826080322265625e+01
-7.867818450927734375e+01
-7.867826843261718750e+01
-7.867822265625000000e+01
-7.867813873291015625e+01
-7.867832946777343750e+01
-7.867823791503906250e+01
-7.867823791503906250e+01
-7.867816162109375000e+01
-7.867815399169921875e+01
-7.867816162109375000e+01
-7.867823791503906250e+01
-7.867825317382812500e+01
-7.867816162109375000e+01
-7.867821502685546875e+01
-7.867818450927734375e+01
-7.867819213867187500e+01
-7.867826080322265625e+01
-7.867823028564453125e+01
-7.867827606201171875e+01
-7.867828369140625000e+01
-7.867829895019531250e+01
-7.867820739746093750e+01
-7.867820739746093750e+01
-7.867820739746093750e+01
-7.867819976806640625e+01
-7.867830657958984375e+01
-7.867814636230468750e+01
-7.867818450927734375e+01
-7.867819213867187500e+01
-7.867824554443359375e+01
-7.867819976806640625e+01
-7.867825317382812500e+01
-7.867818450927734375e+01
-7.867822265625000000e+01
-7.867824554443359375e+01
-7.867826080322265625e+01
-7.867833709716796875e+01
-7.867819213867187500e+01
-7.867823791503906250e+01
-7.867826843261718750e+01
-7.867825317382812500e+01
-7.867822265625000000e+01
-7.867826843261718750e+01
-7.867819976806640625e+01
-7.867821502685546875e+01
-7.867818450927734375e+01
-7.867822265625000000e+01
-7.867823791503906250e+01
-7.867822265625000000e+01
-7.867820739746093750e+01
-7.867825317382812500e+01
-7.867819213867187500e+01
-7.867823028564453125e+01
-7.867826843261718750e+01
-7.867824554443359375e+01
-7.867826080322265625e+01
-7.867823791503906250e+01
-7.867823028564453125e+01
-7.867823028564453125e+01
-7.867818450927734375e+01
-7.867822265625000000e+01
-7.867823791503906250e+01
-7.867823028564453125e+01
-7.867822265625000000e+01
-7.867825317382812500e+01
-7.867826080322265625e+01
-7.867824554443359375e+01
-7.867820739746093750e+01
-7.867826080322265625e+01
-7.867819213867187500e+01
-7.867815399169921875e+01
-7.867823028564453125e+01
-7.867817687988281250e+01
-7.867816925048828125e+01
-7.867821502685546875e+01
-7.867823028564453125e+01
-7.867816925048828125e+01
-7.867819976806640625e+01
-7.867819976806640625e+01
-7.867826843261718750e+01
-7.867824554443359375e+01
-7.867823791503906250e+01
-7.867828369140625000e+01
-7.867818450927734375e+01
-7.867821502685546875e+01
-7.867829132080078125e+01
-7.867829132080078125e+01
-7.867823791503906250e+01
-7.867823791503906250e+01
-7.867821502685546875e+01
-7.867824554443359375e+01
-7.867826843261718750e+01
-7.867819976806640625e+01
-7.867825317382812500e+01
-7.867819976806640625e+01
-7.867824554443359375e+01
-7.867816925048828125e+01
-7.867817687988281250e+01
-7.867823791503906250e+01
-7.867822265625000000e+01
-7.867817687988281250e+01
-7.867818450927734375e+01
-7.867826843261718750e+01
-7.867826080322265625e+01
-7.867829132080078125e+01
-7.867813110351562500e+01
-7.867817687988281250e+01
-7.867817687988281250e+01
-7.867819976806640625e+01
-7.867823791503906250e+01
-7.867818450927734375e+01
-7.867832183837890625e+01
-7.867820739746093750e+01
-7.867823791503906250e+01
-7.867822265625000000e+01
-7.867822265625000000e+01
-7.867824554443359375e+01
-7.867816925048828125e+01
-7.867817687988281250e+01
-7.867823028564453125e+01
-7.867820739746093750e+01
-7.867819213867187500e+01
-7.867823791503906250e+01
-7.867832183837890625e+01
-7.867824554443359375e+01
-7.867829895019531250e+01
-7.867826080322265625e+01
-7.867826080322265625e+01
-7.867821502685546875e+01
-7.867826843261718750e+01
-7.867826843261718750e+01
-7.867824554443359375e+01
-7.867819976806640625e+01
-7.867822265625000000e+01
-7.867821502685546875e+01
-7.867826080322265625e+01
-7.867816925048828125e+01
-7.867821502685546875e+01
-7.867820739746093750e+01
-7.867819213867187500e+01
-7.867826080322265625e+01
-7.867828369140625000e+01
-7.867820739746093750e+01
-7.867825317382812500e+01
-7.867826080322265625e+01
-7.867824554443359375e+01
-7.867817687988281250e+01
-7.867826843261718750e+01
-7.867821502685546875e+01
-7.867819213867187500e+01
-7.867820739746093750e+01
-7.867818450927734375e+01
-7.867825317382812500e+01
-7.867827606201171875e+01
-7.867831420898437500e+01
-7.867823028564453125e+01
-7.867822265625000000e+01
-7.867823791503906250e+01
-7.867827606201171875e+01
-7.867829895019531250e+01
-7.867821502685546875e+01
-7.867816925048828125e+01
-7.867819213867187500e+01
-7.867823791503906250e+01
-7.867816162109375000e+01
-7.867819976806640625e+01
-7.867817687988281250e+01
-7.867823028564453125e+01
-7.867821502685546875e+01
-7.867824554443359375e+01
-7.867822265625000000e+01
-7.867819976806640625e+01
-7.867822265625000000e+01
-7.867823791503906250e+01
-7.867826843261718750e+01
-7.867823791503906250e+01
-7.867823791503906250e+01
-7.867824554443359375e+01
-7.867823028564453125e+01
-7.867823028564453125e+01
-7.867823028564453125e+01
-7.867822265625000000e+01
-7.867823791503906250e+01
-7.867823028564453125e+01
-7.867820739746093750e+01
-7.867822265625000000e+01
-7.867817687988281250e+01
-7.867816925048828125e+01
-7.867825317382812500e+01
-7.867822265625000000e+01
-7.867817687988281250e+01
-7.867819976806640625e+01
-7.867826843261718750e+01
-7.867823791503906250e+01
-7.867818450927734375e+01
-7.867832183837890625e+01
-7.867822265625000000e+01
-7.867823791503906250e+01
-7.867820739746093750e+01
-7.867826843261718750e+01
-7.867823028564453125e+01
-7.867816162109375000e+01
-7.867816162109375000e+01
-7.867823028564453125e+01
-7.867816162109375000e+01
-7.867816925048828125e+01
-7.867823028564453125e+01
-7.867819976806640625e+01
-7.867819976806640625e+01
-7.867826080322265625e+01
-7.867818450927734375e+01
-7.867827606201171875e+01
-7.867821502685546875e+01
-7.867822265625000000e+01
-7.867820739746093750e+01
-7.867816925048828125e+01
-7.867819213867187500e+01
-7.867823028564453125e+01
-7.867819976806640625e+01
-7.867817687988281250e+01
-7.867819213867187500e+01
-7.867823028564453125e+01
-7.867822265625000000e+01
-7.867819976806640625e+01
-7.867820739746093750e+01
-7.867826843261718750e+01
-7.867821502685546875e+01
-7.867829132080078125e+01
-7.867827606201171875e+01
-7.867822265625000000e+01
-7.867825317382812500e+01
-7.867827606201171875e+01
-7.867824554443359375e+01
-7.867824554443359375e+01
-7.867821502685546875e+01
-7.867824554443359375e+01
-7.867823028564453125e+01
-7.867831420898437500e+01
-7.867825317382812500e+01
-7.867825317382812500e+01
-7.867821502685546875e+01
-7.867828369140625000e+01
-7.867825317382812500e+01
-7.867824554443359375e+01
-7.867811584472656250e+01
-7.867817687988281250e+01
-7.867824554443359375e+01
-7.867825317382812500e+01
-7.867824554443359375e+01
-7.867829895019531250e+01
-7.867826080322265625e+01
-7.867819213867187500e+01
-7.867826843261718750e+01
-7.867830657958984375e+01
-7.867820739746093750e+01
-7.867823028564453125e+01
-7.867827606201171875e+01
-7.867827606201171875e+01
-7.867826080322265625e+01
-7.867823791503906250e+01
-7.867823028564453125e+01
-7.867827606201171875e+01
-7.867822265625000000e+01
-7.867823791503906250e+01
-7.867825317382812500e+01
-7.867821502685546875e+01
-7.867826843261718750e+01
-7.867823028564453125e+01
-7.867816162109375000e+01
-7.867829132080078125e+01
-7.867826080322265625e+01
-7.867822265625000000e+01
-7.867830657958984375e+01
-7.867827606201171875e+01
-7.867819213867187500e+01
-7.867818450927734375e+01
-7.867826843261718750e+01
-7.867825317382812500e+01
-7.867823028564453125e+01
-7.867823791503906250e+01
-7.867823791503906250e+01
-7.867823791503906250e+01
-7.867819976806640625e+01
-7.867828369140625000e+01
-7.867826843261718750e+01
-7.867823028564453125e+01
-7.867824554443359375e+01
-7.867823791503906250e+01
-7.867819976806640625e+01
-7.867826843261718750e+01
-7.867821502685546875e+01
-7.867823791503906250e+01
-7.867818450927734375e+01
-7.867817687988281250e+01
-7.867825317382812500e+01
-7.867815399169921875e+01
-7.867827606201171875e+01
-7.867819976806640625e+01
-7.867825317382812500e+01
-7.867823028564453125e+01
-7.867818450927734375e+01
-7.867827606201171875e+01
-7.867823791503906250e+01
-7.867826080322265625e+01
-7.867817687988281250e+01
-7.867819976806640625e+01
-7.867822265625000000e+01
-7.867822265625000000e+01
-7.867825317382812500e+01
-7.867818450927734375e+01
-7.867823791503906250e+01
-7.867826843261718750e+01
-7.867819213867187500e+01
-7.867825317382812500e+01
-7.867827606201171875e+01
-7.867823791503906250e+01
-7.867823028564453125e+01
-7.867826843261718750e+01
-7.867819976806640625e+01
-7.867823791503906250e+01
-7.867817687988281250e+01
-7.867819976806640625e+01
-7.867823028564453125e+01
-7.867823028564453125e+01
-7.867824554443359375e+01
-7.867820739746093750e+01
-7.867817687988281250e+01
-7.867819213867187500e+01
-7.867822265625000000e+01
-7.867823791503906250e+01
-7.867823791503906250e+01
-7.867819976806640625e+01
-7.867823028564453125e+01
-7.867822265625000000e+01
-7.867821502685546875e+01
-7.867811584472656250e+01
-7.867819976806640625e+01
-7.867820739746093750e+01
-7.867822265625000000e+01
-7.867818450927734375e+01
-7.867820739746093750e+01
-7.867819976806640625e+01
-7.867825317382812500e+01
-7.867823028564453125e+01
-7.867826080322265625e+01
-7.867822265625000000e+01
-7.867818450927734375e+01
-7.867818450927734375e+01
-7.867823791503906250e+01
-7.867830657958984375e+01
-7.867817687988281250e+01
-7.867820739746093750e+01
-7.867820739746093750e+01
-7.867823028564453125e+01
-7.867818450927734375e+01
-7.867817687988281250e+01
-7.867823791503906250e+01
-7.867825317382812500e+01
-7.867822265625000000e+01
-7.867829132080078125e+01
-7.867822265625000000e+01
-7.867823791503906250e+01
-7.867827606201171875e+01
-7.867816925048828125e+01
-7.867823791503906250e+01
-7.867821502685546875e+01
-7.867819976806640625e+01
-7.867822265625000000e+01
-7.867825317382812500e+01
-7.867822265625000000e+01
-7.867828369140625000e+01
-7.867818450927734375e+01
-7.867822265625000000e+01
-7.867822265625000000e+01
-7.867822265625000000e+01
-7.867826843261718750e+01
-7.867816162109375000e+01
-7.867826843261718750e+01
-7.867816925048828125e+01
-7.867816162109375000e+01
-7.867832946777343750e+01
-7.867822265625000000e+01
-7.867820739746093750e+01
-7.867826080322265625e+01
-7.867826080322265625e+01
-7.867823791503906250e+01
-7.867821502685546875e+01
-7.867819213867187500e+01
-7.867824554443359375e+01
-7.867823791503906250e+01
-7.867829895019531250e+01
-7.867819976806640625e+01
-7.867819213867187500e+01
-7.867822265625000000e+01
-7.867821502685546875e+01
-7.867819976806640625e+01
-7.867826843261718750e+01
-7.867820739746093750e+01
-7.867825317382812500e+01
-7.867829132080078125e+01
-7.867825317382812500e+01
-7.867823028564453125e+01
-7.867823791503906250e+01
-7.867819213867187500e+01
-7.867819976806640625e+01
-7.867821502685546875e+01
-7.867828369140625000e+01
-7.867820739746093750e+01
-7.867826843261718750e+01
-7.867828369140625000e+01
-7.867817687988281250e+01
-7.867822265625000000e+01
-7.867818450927734375e+01
-7.867820739746093750e+01
-7.867816162109375000e+01
-7.867819213867187500e+01
-7.867821502685546875e+01
-7.867823791503906250e+01
-7.867827606201171875e+01
-7.867820739746093750e+01
-7.867819213867187500e+01
-7.867823028564453125e+01
-7.867818450927734375e+01
-7.867830657958984375e+01
-7.867820739746093750e+01
-7.867823791503906250e+01
-7.867819976806640625e+01
-7.867823028564453125e+01
-7.867825317382812500e+01
-7.867816162109375000e+01
-7.867827606201171875e+01
-7.867819976806640625e+01
-7.867823791503906250e+01
-7.867819213867187500e+01
-7.867825317382812500e+01
-7.867824554443359375e+01
-7.867826080322265625e+01
-7.867818450927734375e+01
-7.867817687988281250e+01
-7.867826843261718750e+01
-7.867825317382812500e+01
-7.867826843261718750e+01
-7.867824554443359375e+01
-7.867820739746093750e+01
-7.867821502685546875e+01
-7.867823028564453125e+01
-7.867825317382812500e+01
-7.867824554443359375e+01
-7.867823791503906250e+01
-7.867823028564453125e+01
-7.867819213867187500e+01
-7.867824554443359375e+01
-7.867817687988281250e+01
-7.867816925048828125e+01
-7.867826843261718750e+01
-7.867820739746093750e+01
-7.867818450927734375e+01
-7.867822265625000000e+01
-7.867826080322265625e+01
-7.867817687988281250e+01
-7.867819213867187500e+01
-7.867822265625000000e+01
-7.867819976806640625e+01
-7.867823791503906250e+01
-7.867825317382812500e+01
-7.867823791503906250e+01
-7.867819976806640625e+01
-7.867825317382812500e+01
-7.867822265625000000e+01
-7.867824554443359375e+01
-7.867828369140625000e+01
-7.867824554443359375e+01
-7.867817687988281250e+01
-7.867822265625000000e+01
-7.867818450927734375e+01
-7.867828369140625000e+01
-7.867824554443359375e+01
-7.867829895019531250e+01
-7.867824554443359375e+01
-7.867830657958984375e+01
-7.867819976806640625e+01
-7.867826843261718750e+01
-7.867826080322265625e+01
-7.867827606201171875e+01
-7.867827606201171875e+01
-7.867819976806640625e+01
-7.867822265625000000e+01
-7.867823791503906250e+01
-7.867816925048828125e+01
-7.867823028564453125e+01
-7.867823791503906250e+01
-7.867825317382812500e+01
-7.867822265625000000e+01
-7.867823028564453125e+01
-7.867828369140625000e+01
-7.867825317382812500e+01
-7.867817687988281250e+01
-7.867821502685546875e+01
-7.867825317382812500e+01
-7.867825317382812500e+01
-7.867826080322265625e+01
-7.867816162109375000e+01
-7.867820739746093750e+01
-7.867825317382812500e+01
-7.867823028564453125e+01
-7.867826080322265625e+01
-7.867829132080078125e+01
-7.867826843261718750e+01
-7.867825317382812500e+01
-7.867824554443359375e+01
-7.867823791503906250e+01
-7.867827606201171875e+01
-7.867820739746093750e+01
-7.867822265625000000e+01
-7.867829895019531250e+01
-7.867820739746093750e+01
-7.867824554443359375e+01
-7.867817687988281250e+01
-7.867820739746093750e+01
-7.867816162109375000e+01
-7.867820739746093750e+01
-7.867821502685546875e+01
-7.867825317382812500e+01
-7.867824554443359375e+01
-7.867823028564453125e+01
-7.867821502685546875e+01
-7.867817687988281250e+01
-7.867829132080078125e+01
-7.867820739746093750e+01
-7.867822265625000000e+01
-7.867821502685546875e+01
-7.867823028564453125e+01
-7.867819976806640625e+01
-7.867825317382812500e+01
-7.867824554443359375e+01
-7.867817687988281250e+01
-7.867824554443359375e+01
-7.867823791503906250e+01
-7.867830657958984375e+01
-7.867820739746093750e+01
-7.867826843261718750e+01
-7.867819213867187500e+01
-7.867823028564453125e+01
-7.867818450927734375e+01
-7.867828369140625000e+01
-7.867823028564453125e+01
-7.867823791503906250e+01
-7.867821502685546875e+01
-7.867819213867187500e+01
-7.867822265625000000e+01
-7.867823791503906250e+01
-7.867825317382812500e+01
-7.867826843261718750e+01
-7.867828369140625000e+01
-7.867829132080078125e+01
-7.867821502685546875e+01
-7.867822265625000000e+01
-7.867817687988281250e+01
-7.867818450927734375e+01
-7.867822265625000000e+01
-7.867820739746093750e+01
-7.867813110351562500e+01
-7.867825317382812500e+01
-7.867820739746093750e+01
-7.867819213867187500e+01
-7.867822265625000000e+01
-7.867819213867187500e+01
-7.867824554443359375e+01
-7.867824554443359375e+01
-7.867822265625000000e+01
-7.867823028564453125e+01
-7.867823028564453125e+01
-7.867823791503906250e+01
-7.867816925048828125e+01
-7.867826080322265625e+01
-7.867823028564453125e+01
-7.867817687988281250e+01
-7.867826843261718750e+01
-7.867816162109375000e+01
-7.867824554443359375e+01
-7.867825317382812500e+01
-7.867826080322265625e+01
-7.867826843261718750e+01
-7.867822265625000000e+01
-7.867816162109375000e+01
-7.867819976806640625e+01
-7.867827606201171875e+01
-7.867820739746093750e+01
-7.867820739746093750e+01
-7.867817687988281250e+01
-7.867824554443359375e+01
-7.867823791503906250e+01
-7.867819976806640625e+01
-7.867829895019531250e+01
-7.867823028564453125e+01
-7.867823028564453125e+01
-7.867825317382812500e+01
-7.867824554443359375e+01
-7.867827606201171875e+01
-7.867816162109375000e+01
-7.867821502685546875e+01
-7.867823028564453125e+01
-7.867823791503906250e+01
-7.867825317382812500e+01
-7.867821502685546875e+01
-7.867822265625000000e+01
-7.867819213867187500e+01
-7.867820739746093750e+01
-7.867819976806640625e+01
-7.867823791503906250e+01
-7.867824554443359375e+01
-7.867817687988281250e+01
-7.867823791503906250e+01
-7.867820739746093750e+01
-7.867819213867187500e+01
-7.867828369140625000e+01
-7.867826843261718750e+01
-7.867815399169921875e+01
-7.867823791503906250e+01
-7.867823791503906250e+01
-7.867823791503906250e+01
-7.867819976806640625e+01
-7.867824554443359375e+01
-7.867829132080078125e+01
-7.867825317382812500e+01
-7.867819976806640625e+01
-7.867814636230468750e+01
-7.867819976806640625e+01
-7.867825317382812500e+01
-7.867827606201171875e+01
-7.867824554443359375e+01
-7.867813873291015625e+01
-7.867826080322265625e+01
-7.867819976806640625e+01
-7.867813110351562500e+01
-7.867823028564453125e+01
-7.867819976806640625e+01
-7.867822265625000000e+01
-7.867823791503906250e+01
-7.867824554443359375e+01
-7.867823028564453125e+01
-7.867826843261718750e+01
-7.867816162109375000e+01
-7.867825317382812500e+01
-7.867820739746093750e+01
-7.867823791503906250e+01
-7.867822265625000000e+01
-7.867825317382812500e+01
-7.867820739746093750e+01
-7.867832183837890625e+01
-7.867827606201171875e+01
-7.867826843261718750e+01
-7.867826843261718750e+01
-7.867826843261718750e+01
-7.867820739746093750e+01
-7.867828369140625000e+01
-7.867817687988281250e+01
-7.867828369140625000e+01
-7.867819976806640625e+01
-7.867826080322265625e+01
-7.867825317382812500e+01
-7.867825317382812500e+01
-7.867821502685546875e+01
-7.867825317382812500e+01
-7.867825317382812500e+01
-7.867821502685546875e+01
-7.867821502685546875e+01
-7.867822265625000000e+01
-7.867821502685546875e+01
-7.867829132080078125e+01
-7.867824554443359375e+01
-7.867823028564453125e+01
-7.867831420898437500e+01
-7.867826080322265625e+01
-7.867819213867187500e+01
-7.867820739746093750e+01
-7.867819213867187500e+01
-7.867815399169921875e+01
-7.867826843261718750e+01
-7.867825317382812500e+01
-7.867819976806640625e+01
-7.867819976806640625e+01
-7.867823791503906250e+01
-7.867819976806640625e+01
-7.867829132080078125e+01
-7.867818450927734375e+01
-7.867824554443359375e+01
-7.867823028564453125e+01
-7.867824554443359375e+01
-7.867819213867187500e+01
-7.867818450927734375e+01
-7.867826843261718750e+01
-7.867820739746093750e+01
-7.867822265625000000e+01
-7.867823791503906250e+01
-7.867821502685546875e+01
-7.867826080322265625e+01
-7.867823791503906250e+01
-7.867826843261718750e+01
-7.867822265625000000e+01
-7.867831420898437500e+01
-7.867819976806640625e+01
-7.867826080322265625e+01
-7.867819213867187500e+01
-7.867819213867187500e+01
-7.867820739746093750e+01
-7.867824554443359375e+01
-7.867820739746093750e+01
-7.867826080322265625e+01
-7.867821502685546875e+01
-7.867820739746093750e+01
-7.867821502685546875e+01
-7.867819213867187500e+01
-7.867816925048828125e+01
-7.867819213867187500e+01
-7.867819213867187500e+01
-7.867819213867187500e+01
-7.867815399169921875e+01
-7.867825317382812500e+01
-7.867819213867187500e+01
-7.867823028564453125e+01
-7.867821502685546875e+01
-7.867826080322265625e+01
-7.867819213867187500e+01
-7.867823028564453125e+01
-7.867823028564453125e+01
-7.867820739746093750e+01
-7.867826843261718750e+01
-7.867825317382812500e+01
-7.867827606201171875e+01
-7.867826843261718750e+01
-7.867829895019531250e+01
-7.867825317382812500e+01
-7.867828369140625000e+01
-7.867827606201171875e+01
-7.867824554443359375e+01
-7.867826080322265625e+01
-7.867824554443359375e+01
-7.867819213867187500e+01
-7.867823791503906250e+01
-7.867819213867187500e+01
-7.867822265625000000e+01
-7.867824554443359375e+01
-7.867825317382812500e+01
-7.867825317382812500e+01
-7.867823791503906250e+01
-7.867823791503906250e+01
-7.867819213867187500e+01
-7.867826080322265625e+01
-7.867822265625000000e+01
-7.867819976806640625e+01
-7.867820739746093750e+01
-7.867825317382812500e+01
-7.867817687988281250e+01
-7.867827606201171875e+01
-7.867825317382812500e+01
-7.867823791503906250e+01
-7.867826080322265625e+01
-7.867832183837890625e+01
-7.867816925048828125e+01
-7.867819976806640625e+01
-7.867818450927734375e+01
-7.867825317382812500e+01
-7.867823028564453125e+01
-7.867827606201171875e+01
-7.867826080322265625e+01
-7.867820739746093750e+01
-7.867821502685546875e+01
-7.867817687988281250e+01
-7.867819213867187500e+01
-7.867816162109375000e+01
-7.867816162109375000e+01
-7.867823791503906250e+01
-7.867819213867187500e+01
-7.867815399169921875e+01
-7.867820739746093750e+01
-7.867822265625000000e+01
-7.867831420898437500e+01
-7.867822265625000000e+01
-7.867823791503906250e+01
-7.867823791503906250e+01
-7.867822265625000000e+01
-7.867826080322265625e+01
-7.867827606201171875e+01
-7.867818450927734375e+01
-7.867818450927734375e+01
-7.867825317382812500e+01
-7.867819976806640625e+01
-7.867818450927734375e+01
-7.867820739746093750e+01
-7.867817687988281250e+01
-7.867824554443359375e+01
-7.867816925048828125e+01
-7.867821502685546875e+01
-7.867826843261718750e+01
-7.867817687988281250e+01
-7.867827606201171875e+01
-7.867822265625000000e+01
