-4.291958999633789062e+01
-5.269200515747070312e+01
-5.159527206420898438e+01
-5.167972946166992188e+01
-5.175085067749023438e+01
-5.165903854370117188e+01
-5.138252639770507812e+01
-5.113558578491210938e+01
-5.088965606689453125e+01
-5.175560379028320312e+01
-5.278808212280273438e+01
-5.362758636474609375e+01
-5.660507583618164062e+01
-5.255904388427734375e+01
-5.269948577880859375e+01
-5.232881927490234375e+01
-5.169141387939453125e+01
-5.204526901245117188e+01
-5.086309432983398438e+01
-5.199600601196289062e+01
-5.035270690917968750e+01
-5.199475097656250000e+01
-5.232952499389648438e+01
-5.403736114501953125e+01
-5.475615692138671875e+01
-5.565505599975585938e+01
-5.600935745239257812e+01
-5.545249557495117188e+01
-5.648320388793945312e+01
-5.794588851928710938e+01
-6.065910339355468750e+01
-6.324388504028320312e+01
-6.334583663940429688e+01
-6.531613922119140625e+01
-6.094734573364257812e+01
-6.315417098999023438e+01
-6.319499969482421875e+01
-6.459207916259765625e+01
-6.527057647705078125e+01
-6.828855895996093750e+01
-6.982793426513671875e+01
-6.994029235839843750e+01
-7.201614379882812500e+01
-7.227900695800781250e+01
-7.251274108886718750e+01
-7.395661926269531250e+01
-7.405570220947265625e+01
-7.378957366943359375e+01
-7.459908294677734375e+01
-7.523445129394531250e+01
-7.518304443359375000e+01
-7.567681884765625000e+01
-7.598635101318359375e+01
-7.593582916259765625e+01
-7.559013366699218750e+01
-7.585298156738281250e+01
-7.666700744628906250e+01
-7.650559234619140625e+01
-7.721640777587890625e+01
-7.735292816162109375e+01
-7.701406860351562500e+01
-7.749911499023437500e+01
-7.765111541748046875e+01
-7.772344207763671875e+01
-7.764257812500000000e+01
-7.686244964599609375e+01
-7.494203948974609375e+01
-7.435693359375000000e+01
-7.657752990722656250e+01
-7.653639221191406250e+01
-7.665922546386718750e+01
-7.671574401855468750e+01
-7.739302825927734375e+01
-7.741149902343750000e+01
-7.734087371826171875e+01
-7.761324310302734375e+01
-7.780003356933593750e+01
-7.763568115234375000e+01
-7.767908477783203125e+01
-7.785590362548828125e+01
-7.801052093505859375e+01
-7.808126831054687500e+01
-7.814078521728515625e+01
-7.811787414550781250e+01
-7.826710510253906250e+01
-7.841950988769531250e+01
-7.835975646972656250e+01
-7.835945129394531250e+01
-7.842543029785156250e+01
-7.846834564208984375e+01
-7.848759460449218750e+01
-7.851251220703125000e+01
-7.853089141845703125e+01
-7.854383087158203125e+01
-7.858959197998046875e+01
-7.858185577392578125e+01
-7.856596374511718750e+01
-7.862797546386718750e+01
-7.861705780029296875e+01
-7.862240600585937500e+01
-7.865272521972656250e+01
-7.864678192138671875e+01
-7.865788269042968750e+01
-7.865911865234375000e+01
-7.866494750976562500e+01
-7.867606353759765625e+01
-7.866983795166015625e+01
-7.867668151855468750e+01
-7.868996429443359375e+01
-7.868622589111328125e+01
-7.869151306152343750e+01
-7.869145965576171875e+01
-7.870380401611328125e+01
-7.870565795898437500e+01
-7.870565032958984375e+01
-7.870841217041015625e+01
-7.871254730224609375e+01
-7.871435546875000000e+01
-7.871473693847656250e+01
-7.871770477294921875e+01
-7.871882629394531250e+01
-7.871881866455078125e+01
-7.872122192382812500e+01
-7.872301483154296875e+01
-7.872397613525390625e+01
-7.872387695312500000e+01
-7.872495269775390625e+01
-7.872608947753906250e+01
-7.872466278076171875e+01
-7.872406768798828125e+01
-7.871999359130859375e+01
-7.871318054199218750e+01
-7.869950103759765625e+01
-7.867366027832031250e+01
-7.862847137451171875e+01
-7.855638885498046875e+01
-7.847071838378906250e+01
-7.842404174804687500e+01
-7.849183654785156250e+01
-7.864998626708984375e+01
-7.873256683349609375e+01
-7.866727447509765625e+01
-7.861600494384765625e+01
-7.869058227539062500e+01
-7.872761535644531250e+01
-7.867187500000000000e+01
-7.869595336914062500e+01
-7.873249816894531250e+01
-7.869476318359375000e+01
-7.871757507324218750e+01
-7.872882080078125000e+01
-7.870847320556640625e+01
-7.873279571533203125e+01
-7.872250366210937500e+01
-7.872566986083984375e+01
-7.873388671875000000e+01
-7.872545623779296875e+01
-7.873651885986328125e+01
-7.873020172119140625e+01
-7.873531341552734375e+01
-7.873615264892578125e+01
-7.873345184326171875e+01
-7.874014282226562500e+01
-7.873446655273437500e+01
-7.874008941650390625e+01
-7.873884582519531250e+01
-7.873799133300781250e+01
-7.874220275878906250e+01
-7.873824310302734375e+01
-7.874243927001953125e+01
-7.874066925048828125e+01
-7.874183654785156250e+01
-7.874263000488281250e+01
-7.874186706542968750e+01
-7.874361419677734375e+01
-7.874208831787109375e+01
-7.874372100830078125e+01
-7.874308776855468750e+01
-7.874343109130859375e+01
-7.874428558349609375e+01
-7.874367523193359375e+01
-7.874443054199218750e+01
-7.874356842041015625e+01
-7.874396514892578125e+01
-7.874330902099609375e+01
-7.874179077148437500e+01
-7.873982238769531250e+01
-7.873537445068359375e+01
-7.872777557373046875e+01
-7.871369171142578125e+01
-7.869336700439453125e+01
-7.867001342773437500e+01
-7.865996551513671875e+01
-7.868341064453125000e+01
-7.872325134277343750e+01
-7.873545074462890625e+01
-7.871914672851562500e+01
-7.871987915039062500e+01
-7.873722076416015625e+01
-7.873167419433593750e+01
-7.872344207763671875e+01
-7.873774719238281250e+01
-7.874237060546875000e+01
-7.873159027099609375e+01
-7.873634338378906250e+01
-7.874228668212890625e+01
-7.873694610595703125e+01
-7.874032592773437500e+01
-7.874312591552734375e+01
-7.873869323730468750e+01
-7.874228668212890625e+01
-7.874421691894531250e+01
-7.874067687988281250e+01
-7.874329376220703125e+01
-7.874465942382812500e+01
-7.874277496337890625e+01
-7.874436187744140625e+01
-7.874437713623046875e+01
-7.874372100830078125e+01
-7.874555206298828125e+01
-7.874509429931640625e+01
-7.874398803710937500e+01
-7.874523162841796875e+01
-7.874525451660156250e+01
-7.874506378173828125e+01
-7.874580383300781250e+01
-7.874504089355468750e+01
-7.874537658691406250e+01
-7.874607086181640625e+01
-7.874575042724609375e+01
-7.874588775634765625e+01
-7.874617004394531250e+01
-7.874601745605468750e+01
-7.874620056152343750e+01
-7.874617767333984375e+01
-7.874597167968750000e+01
-7.874637603759765625e+01
-7.874633026123046875e+01
-7.874618530273437500e+01
-7.874637603759765625e+01
-7.874656677246093750e+01
-7.874642944335937500e+01
-7.874652862548828125e+01
-7.874635314941406250e+01
-7.874665069580078125e+01
-7.874674987792968750e+01
-7.874663543701171875e+01
-7.874652099609375000e+01
-7.874677276611328125e+01
-7.874674987792968750e+01
-7.874678802490234375e+01
-7.874687957763671875e+01
-7.874675750732421875e+01
-7.874687194824218750e+01
-7.874699401855468750e+01
-7.874684143066406250e+01
-7.874719238281250000e+01
-7.874686431884765625e+01
-7.874684906005859375e+01
-7.874709320068359375e+01
-7.874691009521484375e+01
-7.874698638916015625e+01
-7.874710845947265625e+01
-7.874692535400390625e+01
-7.874697113037109375e+01
-7.874725341796875000e+01
-7.874706268310546875e+01
-7.874726867675781250e+01
-7.874726867675781250e+01
-7.874685668945312500e+01
-7.874697875976562500e+01
-7.874714660644531250e+01
-7.874714660644531250e+01
-7.874701690673828125e+01
-7.874720764160156250e+01
-7.874720001220703125e+01
-7.874724578857421875e+01
-7.874729156494140625e+01
-7.874711608886718750e+01
-7.874691009521484375e+01
-7.874713134765625000e+01
-7.874720764160156250e+01
-7.874734497070312500e+01
-7.874721527099609375e+01
-7.874722290039062500e+01
-7.874729919433593750e+01
-7.874736022949218750e+01
-7.874728393554687500e+01
-7.874717712402343750e+01
-7.874713897705078125e+01
-7.874721527099609375e+01
-7.874725341796875000e+01
-7.874742889404296875e+01
-7.874726104736328125e+01
-7.874733734130859375e+01
-7.874734497070312500e+01
-7.874723052978515625e+01
-7.874760437011718750e+01
-7.874723815917968750e+01
-7.874721527099609375e+01
-7.874742126464843750e+01
-7.874733734130859375e+01
-7.874726867675781250e+01
-7.874751281738281250e+01
-7.874725341796875000e+01
-7.874732208251953125e+01
-7.874721527099609375e+01
-7.874717712402343750e+01
-7.874741363525390625e+01
-7.874722290039062500e+01
-7.874753570556640625e+01
-7.874736022949218750e+01
-7.874716949462890625e+01
-7.874732208251953125e+01
-7.874730682373046875e+01
-7.874744415283203125e+01
-7.874737548828125000e+01
-7.874747467041015625e+01
-7.874742126464843750e+01
-7.874748229980468750e+01
-7.874739837646484375e+01
-7.874735260009765625e+01
-7.874720764160156250e+01
-7.874738311767578125e+01
-7.874732208251953125e+01
-7.874733734130859375e+01
-7.874752044677734375e+01
-7.874757385253906250e+01
-7.874737548828125000e+01
-7.874742126464843750e+01
-7.874749755859375000e+01
-7.874736022949218750e+01
-7.874734497070312500e+01
-7.874769592285156250e+01
-7.874755859375000000e+01
-7.874752044677734375e+01
-7.874750518798828125e+01
-7.874759674072265625e+01
-7.874747467041015625e+01
-7.874764251708984375e+01
-7.874757385253906250e+01
-7.874752044677734375e+01
-7.874758148193359375e+01
-7.874752807617187500e+01
-7.874748992919921875e+01
-7.874752044677734375e+01
-7.874737548828125000e+01
-7.874729156494140625e+01
-7.874750518798828125e+01
-7.874768829345703125e+01
-7.874768829345703125e+01
-7.874763488769531250e+01
-7.874762725830078125e+01
-7.874753570556640625e+01
-7.874743652343750000e+01
-7.874761199951171875e+01
-7.874749755859375000e+01
-7.874755859375000000e+01
-7.874748229980468750e+01
-7.874747467041015625e+01
-7.874761962890625000e+01
-7.874747467041015625e+01
-7.874754333496093750e+01
-7.874752807617187500e+01
-7.874760437011718750e+01
-7.874748229980468750e+01
-7.874758148193359375e+01
-7.874750518798828125e+01
-7.874768829345703125e+01
-7.874771881103515625e+01
-7.874769592285156250e+01
-7.874764251708984375e+01
-7.874752044677734375e+01
-7.874751281738281250e+01
-7.874765777587890625e+01
-7.874756622314453125e+01
-7.874757385253906250e+01
-7.874742889404296875e+01
-7.874783325195312500e+01
-7.874758148193359375e+01
-7.874755096435546875e+01
-7.874764251708984375e+01
-7.874768066406250000e+01
-7.874758911132812500e+01
-7.874781799316406250e+01
-7.874766540527343750e+01
-7.874755096435546875e+01
-7.874757385253906250e+01
-7.874748992919921875e+01
-7.874758148193359375e+01
-7.874779510498046875e+01
-7.874757385253906250e+01
-7.874753570556640625e+01
-7.874753570556640625e+01
-7.874765014648437500e+01
-7.874758148193359375e+01
-7.874763488769531250e+01
-7.874749755859375000e+01
-7.874747467041015625e+01
-7.874758148193359375e+01
-7.874758911132812500e+01
-7.874767303466796875e+01
-7.874768066406250000e+01
-7.874763488769531250e+01
-7.874762725830078125e+01
-7.874752807617187500e+01
-7.874756622314453125e+01
-7.874769592285156250e+01
-7.874769592285156250e+01
-7.874742126464843750e+01
-7.874765014648437500e+01
-7.874778747558593750e+01
-7.874737548828125000e+01
-7.874762725830078125e+01
-7.874748229980468750e+01
-7.874748229980468750e+01
-7.874759674072265625e+01
-7.874800109863281250e+01
-7.874781799316406250e+01
-7.874755096435546875e+01
-7.874768829345703125e+01
-7.874750518798828125e+01
-7.874762725830078125e+01
-7.874773406982421875e+01
-7.874774169921875000e+01
-7.874781799316406250e+01
-7.874769592285156250e+01
-7.874781036376953125e+01
-7.874767303466796875e+01
-7.874762725830078125e+01
-7.874778747558593750e+01
-7.874789428710937500e+01
-7.874758148193359375e+01
-7.874774932861328125e+01
-7.874764251708984375e+01
-7.874761962890625000e+01
-7.874764251708984375e+01
-7.874757385253906250e+01
-7.874763488769531250e+01
-7.874759674072265625e+01
-7.874764251708984375e+01
-7.874767303466796875e+01
-7.874789428710937500e+01
-7.874766540527343750e+01
-7.874775695800781250e+01
-7.874770355224609375e+01
-7.874771118164062500e+01
-7.874777221679687500e+01
-7.874753570556640625e+01
-7.874778747558593750e+01
-7.874771118164062500e+01
-7.874780273437500000e+01
-7.874771118164062500e+01
-7.874771881103515625e+01
-7.874778747558593750e+01
-7.874767303466796875e+01
-7.874778747558593750e+01
-7.874761962890625000e+01
-7.874774932861328125e+01
-7.874766540527343750e+01
-7.874758148193359375e+01
-7.874767303466796875e+01
-7.874774932861328125e+01
-7.874765777587890625e+01
-7.874785614013671875e+01
-7.874781799316406250e+01
-7.874751281738281250e+01
-7.874784088134765625e+01
-7.874771118164062500e+01
-7.874768066406250000e+01
-7.874774169921875000e+01
-7.874765777587890625e+01
-7.874760437011718750e+01
-7.874758148193359375e+01
-7.874784088134765625e+01
-7.874774169921875000e+01
-7.874771118164062500e+01
-7.874754333496093750e+01
-7.874758148193359375e+01
-7.874782562255859375e+01
-7.874755096435546875e+01
-7.874786376953125000e+01
-7.874774169921875000e+01
-7.874774169921875000e+01
-7.874767303466796875e+01
-7.874758148193359375e+01
-7.874777984619140625e+01
-7.874756622314453125e+01
-7.874760437011718750e+01
-7.874759674072265625e+01
-7.874768829345703125e+01
-7.874769592285156250e+01
-7.874760437011718750e+01
-7.874774932861328125e+01
-7.874768829345703125e+01
-7.874765014648437500e+01
-7.874757385253906250e+01
-7.874781036376953125e+01
-7.874775695800781250e+01
-7.874779510498046875e+01
-7.874779510498046875e+01
-7.874769592285156250e+01
-7.874788665771484375e+01
-7.874777984619140625e+01
-7.874768829345703125e+01
-7.874771881103515625e+01
-7.874772644042968750e+01
-7.874755859375000000e+01
-7.874782562255859375e+01
-7.874772644042968750e+01
-7.874783325195312500e+01
-7.874776458740234375e+01
-7.874774932861328125e+01
-7.874775695800781250e+01
-7.874770355224609375e+01
-7.874765777587890625e+01
-7.874790954589843750e+01
-7.874781036376953125e+01
-7.874773406982421875e+01
-7.874778747558593750e+01
-7.874768066406250000e+01
-7.874771118164062500e+01
-7.874771118164062500e+01
-7.874777221679687500e+01
-7.874758148193359375e+01
-7.874765014648437500e+01
-7.874777984619140625e+01
-7.874768066406250000e+01
-7.874768066406250000e+01
-7.874768829345703125e+01
-7.874752044677734375e+01
-7.874772644042968750e+01
-7.874779510498046875e+01
-7.874768066406250000e+01
-7.874761199951171875e+01
-7.874785614013671875e+01
-7.874764251708984375e+01
-7.874779510498046875e+01
-7.874771118164062500e+01
-7.874772644042968750e+01
-7.874796295166015625e+01
-7.874770355224609375e+01
-7.874770355224609375e+01
-7.874769592285156250e+01
-7.874760437011718750e+01
-7.874780273437500000e+01
-7.874755096435546875e+01
-7.874782562255859375e+01
-7.874765777587890625e+01
-7.874799346923828125e+01
-7.874773406982421875e+01
-7.874771118164062500e+01
-7.874771881103515625e+01
-7.874787139892578125e+01
-7.874771881103515625e+01
-7.874797058105468750e+01
-7.874771881103515625e+01
-7.874768066406250000e+01
-7.874769592285156250e+01
-7.874782562255859375e+01
-7.874779510498046875e+01
-7.874781036376953125e+01
-7.874794769287109375e+01
-7.874774169921875000e+01
-7.874784851074218750e+01
-7.874788665771484375e+01
-7.874773406982421875e+01
-7.874783325195312500e+01
-7.874797058105468750e+01
-7.874771118164062500e+01
-7.874785614013671875e+01
-7.874789428710937500e+01
-7.874790954589843750e+01
-7.874760437011718750e+01
-7.874779510498046875e+01
-7.874794769287109375e+01
-7.874783325195312500e+01
-7.874793243408203125e+01
-7.874771881103515625e+01
-7.874781799316406250e+01
-7.874771881103515625e+01
-7.874777984619140625e+01
-7.874784088134765625e+01
-7.874776458740234375e+01
-7.874780273437500000e+01
-7.874781036376953125e+01
-7.874770355224609375e+01
-7.874771881103515625e+01
-7.874781036376953125e+01
-7.874776458740234375e+01
-7.874784088134765625e+01
-7.874783325195312500e+01
-7.874773406982421875e+01
-7.874777221679687500e+01
-7.874784088134765625e+01
-7.874774169921875000e+01
-7.874765777587890625e+01
-7.874790191650390625e+01
-7.874775695800781250e+01
-7.874793243408203125e+01
-7.874775695800781250e+01
-7.874781799316406250e+01
-7.874766540527343750e+01
-7.874770355224609375e+01
-7.874767303466796875e+01
-7.874786376953125000e+01
-7.874771118164062500e+01
-7.874774932861328125e+01
-7.874774169921875000e+01
-7.874787139892578125e+01
-7.874772644042968750e+01
-7.874780273437500000e+01
-7.874787139892578125e+01
-7.874781799316406250e+01
-7.874783325195312500e+01
-7.874795532226562500e+01
-7.874777221679687500e+01
-7.874777221679687500e+01
-7.874792480468750000e+01
-7.874768066406250000e+01
-7.874779510498046875e+01
-7.874787902832031250e+01
-7.874790191650390625e+01
-7.874776458740234375e+01
-7.874787902832031250e+01
-7.874765014648437500e+01
-7.874787139892578125e+01
-7.874767303466796875e+01
-7.874778747558593750e+01
-7.874782562255859375e+01
-7.874785614013671875e+01
-7.874765777587890625e+01
-7.874786376953125000e+01
-7.874787139892578125e+01
-7.874790191650390625e+01
-7.874786376953125000e+01
-7.874780273437500000e+01
-7.874783325195312500e+01
-7.874760437011718750e+01
-7.874793243408203125e+01
-7.874797058105468750e+01
-7.874794769287109375e+01
-7.874783325195312500e+01
-7.874787139892578125e+01
-7.874803924560546875e+01
-7.874799346923828125e+01
-7.874783325195312500e+01
-7.874784088134765625e+01
-7.874784851074218750e+01
-7.874784088134765625e+01
-7.874783325195312500e+01
-7.874780273437500000e+01
-7.874780273437500000e+01
-7.874789428710937500e+01
-7.874777221679687500e+01
-7.874794006347656250e+01
-7.874795532226562500e+01
-7.874789428710937500e+01
-7.874801635742187500e+01
-7.874803161621093750e+01
-7.874779510498046875e+01
-7.874767303466796875e+01
-7.874781036376953125e+01
-7.874774169921875000e+01
-7.874768829345703125e+01
-7.874790954589843750e+01
-7.874781799316406250e+01
-7.874760437011718750e+01
-7.874793243408203125e+01
-7.874768829345703125e+01
-7.874794006347656250e+01
-7.874784088134765625e+01
-7.874784088134765625e+01
-7.874783325195312500e+01
-7.874776458740234375e+01
-7.874792480468750000e+01
-7.874784851074218750e+01
-7.874796295166015625e+01
-7.874787139892578125e+01
-7.874771118164062500e+01
-7.874789428710937500e+01
-7.874787139892578125e+01
-7.874783325195312500e+01
-7.874792480468750000e+01
-7.874810028076171875e+01
-7.874781036376953125e+01
-7.874774932861328125e+01
-7.874786376953125000e+01
-7.874778747558593750e+01
-7.874781036376953125e+01
-7.874795532226562500e+01
-7.874784088134765625e+01
-7.874802398681640625e+01
-7.874806213378906250e+01
-7.874781799316406250e+01
-7.874787902832031250e+01
-7.874796295166015625e+01
-7.874779510498046875e+01
-7.874783325195312500e+01
-7.874787139892578125e+01
-7.874776458740234375e+01
-7.874797821044921875e+01
-7.874776458740234375e+01
-7.874783325195312500e+01
-7.874764251708984375e+01
-7.874781799316406250e+01
-7.874788665771484375e+01
-7.874792480468750000e+01
-7.874785614013671875e+01
-7.874774169921875000e+01
-7.874811553955078125e+01
-7.874774932861328125e+01
-7.874777984619140625e+01
-7.874781036376953125e+01
-7.874760437011718750e+01
-7.874780273437500000e+01
-7.874768066406250000e+01
-7.874795532226562500e+01
-7.874792480468750000e+01
-7.874778747558593750e+01
-7.874793243408203125e+01
-7.874800872802734375e+01
-7.874779510498046875e+01
-7.874813079833984375e+01
-7.874788665771484375e+01
-7.874793243408203125e+01
-7.874787902832031250e+01
-7.874777984619140625e+01
-7.874794769287109375e+01
-7.874790191650390625e+01
-7.874792480468750000e+01
-7.874784088134765625e+01
-7.874781799316406250e+01
-7.874783325195312500e+01
-7.874794769287109375e+01
-7.874780273437500000e+01
-7.874800872802734375e+01
-7.874779510498046875e+01
-7.874773406982421875e+01
-7.874810791015625000e+01
-7.874755859375000000e+01
-7.874781799316406250e+01
-7.874783325195312500e+01
-7.874780273437500000e+01
-7.874794006347656250e+01
-7.874770355224609375e+01
-7.874781036376953125e+01
-7.874775695800781250e+01
-7.874786376953125000e+01
-7.874784851074218750e+01
-7.874785614013671875e+01
-7.874784851074218750e+01
-7.874780273437500000e+01
-7.874768829345703125e+01
-7.874779510498046875e+01
-7.874773406982421875e+01
-7.874784851074218750e+01
-7.874784088134765625e+01
-7.874788665771484375e+01
-7.874779510498046875e+01
-7.874795532226562500e+01
-7.874794006347656250e+01
-7.874771118164062500e+01
-7.874776458740234375e+01
-7.874787902832031250e+01
-7.874793243408203125e+01
-7.874788665771484375e+01
-7.874785614013671875e+01
-7.874794006347656250e+01
-7.874782562255859375e+01
-7.874774932861328125e+01
-7.874784088134765625e+01
-7.874787902832031250e+01
-7.874800872802734375e+01
-7.874784088134765625e+01
-7.874784088134765625e+01
-7.874785614013671875e+01
-7.874795532226562500e+01
-7.874781799316406250e+01
-7.874770355224609375e+01
-7.874781799316406250e+01
-7.874803161621093750e+01
-7.874783325195312500e+01
-7.874781799316406250e+01
-7.874781799316406250e+01
-7.874782562255859375e+01
-7.874772644042968750e+01
-7.874790954589843750e+01
-7.874784851074218750e+01
-7.874793243408203125e+01
-7.874782562255859375e+01
-7.874788665771484375e+01
-7.874788665771484375e+01
-7.874782562255859375e+01
-7.874774932861328125e+01
-7.874793243408203125e+01
-7.874794006347656250e+01
-7.874797058105468750e+01
-7.874785614013671875e+01
-7.874781036376953125e+01
-7.874796295166015625e+01
-7.874774169921875000e+01
-7.874777221679687500e+01
-7.874783325195312500e+01
-7.874799346923828125e+01
-7.874777221679687500e+01
-7.874790954589843750e+01
-7.874773406982421875e+01
-7.874777221679687500e+01
-7.874795532226562500e+01
-7.874799346923828125e+01
-7.874777984619140625e+01
-7.874771881103515625e+01
-7.874787139892578125e+01
-7.874803161621093750e+01
-7.874777984619140625e+01
-7.874785614013671875e+01
-7.874787902832031250e+01
-7.874787902832031250e+01
-7.874794006347656250e+01
-7.874784851074218750e+01
-7.874788665771484375e+01
-7.874794769287109375e+01
-7.874785614013671875e+01
-7.874790191650390625e+01
-7.874790954589843750e+01
-7.874788665771484375e+01
-7.874795532226562500e+01
-7.874806976318359375e+01
-7.874764251708984375e+01
-7.874773406982421875e+01
-7.874807739257812500e+01
-7.874788665771484375e+01
-7.874776458740234375e+01
-7.874780273437500000e+01
-7.874763488769531250e+01
-7.874778747558593750e+01
-7.874775695800781250e+01
-7.874794006347656250e+01
-7.874791717529296875e+01
-7.874784851074218750e+01
-7.874778747558593750e+01
-7.874793243408203125e+01
-7.874782562255859375e+01
-7.874788665771484375e+01
-7.874804687500000000e+01
-7.874774169921875000e+01
-7.874784088134765625e+01
-7.874797058105468750e+01
-7.874773406982421875e+01
-7.874790191650390625e+01
-7.874791717529296875e+01
-7.874788665771484375e+01
-7.874793243408203125e+01
-7.874793243408203125e+01
-7.874784088134765625e+01
-7.874794006347656250e+01
-7.874790954589843750e+01
-7.874790191650390625e+01
-7.874791717529296875e+01
-7.874777984619140625e+01
-7.874788665771484375e+01
-7.874799346923828125e+01
-7.874784088134765625e+01
-7.874779510498046875e+01
-7.874790191650390625e+01
-7.874782562255859375e+01
-7.874790954589843750e+01
-7.874805450439453125e+01
-7.874788665771484375e+01
-7.874784088134765625e+01
-7.874788665771484375e+01
-7.874776458740234375e+01
-7.874784088134765625e+01
-7.874803924560546875e+01
-7.874782562255859375e+01
-7.874794769287109375e+01
-7.874784851074218750e+01
-7.874780273437500000e+01
-7.874790954589843750e+01
-7.874797058105468750e+01
-7.874800872802734375e+01
-7.874784851074218750e+01
-7.874772644042968750e+01
-7.874776458740234375e+01
-7.874775695800781250e+01
-7.874793243408203125e+01
-7.874768829345703125e+01
-7.874781799316406250e+01
-7.874806976318359375e+01
-7.874791717529296875e+01
-7.874789428710937500e+01
-7.874787902832031250e+01
-7.874790191650390625e+01
-7.874790954589843750e+01
-7.874812316894531250e+01
-7.874803924560546875e+01
-7.874802398681640625e+01
-7.874781036376953125e+01
-7.874788665771484375e+01
-7.874769592285156250e+01
-7.874787139892578125e+01
-7.874793243408203125e+01
-7.874771118164062500e+01
-7.874803161621093750e+01
-7.874802398681640625e+01
-7.874816894531250000e+01
-7.874816894531250000e+01
-7.874821472167968750e+01
-7.874800109863281250e+01
-7.874786376953125000e+01
-7.874793243408203125e+01
-7.874806976318359375e+01
-7.874787902832031250e+01
-7.874790191650390625e+01
-7.874803924560546875e+01
-7.874776458740234375e+01
-7.874776458740234375e+01
-7.874784851074218750e+01
-7.874788665771484375e+01
-7.874796295166015625e+01
-7.874789428710937500e+01
-7.874795532226562500e+01
-7.874777984619140625e+01
-7.874785614013671875e+01
-7.874812316894531250e+01
-7.874770355224609375e+01
-7.874800109863281250e+01
-7.874790954589843750e+01
-7.874784851074218750e+01
-7.874776458740234375e+01
-7.874798583984375000e+01
-7.874800109863281250e+01
-7.874776458740234375e+01
-7.874794006347656250e+01
-7.874781036376953125e+01
-7.874794006347656250e+01
-7.874771881103515625e+01
-7.874774169921875000e+01
-7.874786376953125000e+01
-7.874780273437500000e+01
-7.874803161621093750e+01
-7.874785614013671875e+01
-7.874797821044921875e+01
-7.874784851074218750e+01
-7.874767303466796875e+01
-7.874781036376953125e+01
-7.874776458740234375e+01
-7.874781799316406250e+01
-7.874796295166015625e+01
-7.874794006347656250e+01
-7.874791717529296875e+01
-7.874802398681640625e+01
-7.874799346923828125e+01
-7.874782562255859375e+01
-7.874790191650390625e+01
-7.874768829345703125e+01
-7.874783325195312500e+01
-7.874789428710937500e+01
-7.874787139892578125e+01
-7.874802398681640625e+01
-7.874813079833984375e+01
-7.874792480468750000e+01
-7.874802398681640625e+01
-7.874774932861328125e+01
-7.874781036376953125e+01
-7.874784088134765625e+01
-7.874782562255859375e+01
-7.874788665771484375e+01
-7.874822998046875000e+01
-7.874790191650390625e+01
-7.874794006347656250e+01
-7.874797821044921875e+01
-7.874790191650390625e+01
-7.874783325195312500e+01
-7.874778747558593750e+01
-7.874790191650390625e+01
-7.874774932861328125e+01
-7.874794006347656250e+01
-7.874793243408203125e+01
-7.874784851074218750e+01
-7.874797821044921875e+01
-7.874792480468750000e+01
-7.874795532226562500e+01
-7.874778747558593750e+01
-7.874794006347656250e+01
-7.874792480468750000e+01
-7.874767303466796875e+01
-7.874784088134765625e+01
-7.874777984619140625e+01
-7.874797821044921875e+01
-7.874771881103515625e+01
-7.874772644042968750e+01
-7.874784851074218750e+01
-7.874784088134765625e+01
-7.874785614013671875e+01
-7.874794006347656250e+01
-7.874785614013671875e+01
-7.874790191650390625e+01
-7.874768066406250000e+01
-7.874794769287109375e+01
-7.874795532226562500e+01
-7.874765777587890625e+01
-7.874781036376953125e+01
-7.874784088134765625e+01
-7.874792480468750000e+01
-7.874781036376953125e+01
-7.874765014648437500e+01
-7.874786376953125000e+01
-7.874784088134765625e+01
-7.874761962890625000e+01
-7.874780273437500000e+01
-7.874781036376953125e+01
-7.874794006347656250e+01
-7.874792480468750000e+01
-7.874787139892578125e+01
-7.874794769287109375e+01
-7.874773406982421875e+01
-7.874803161621093750e+01
-7.874777221679687500e+01
-7.874777984619140625e+01
-7.874790191650390625e+01
-7.874785614013671875e+01
-7.874783325195312500e+01
-7.874777984619140625e+01
-7.874803161621093750e+01
-7.874800109863281250e+01
-7.874806976318359375e+01
-7.874784851074218750e+01
-7.874798583984375000e+01
-7.874801635742187500e+01
-7.874800872802734375e+01
-7.874794006347656250e+01
-7.874798583984375000e+01
-7.874776458740234375e+01
-7.874794006347656250e+01
-7.874787902832031250e+01
-7.874781799316406250e+01
-7.874783325195312500e+01
-7.874795532226562500e+01
-7.874807739257812500e+01
-7.874800872802734375e+01
-7.874787139892578125e+01
-7.874784851074218750e+01
-7.874793243408203125e+01
-7.874777221679687500e+01
-7.874805450439453125e+01
-7.874783325195312500e+01
-7.874765777587890625e+01
-7.874785614013671875e+01
-7.874776458740234375e+01
-7.874780273437500000e+01
-7.874806976318359375e+01
-7.874785614013671875e+01
-7.874790191650390625e+01
-7.874785614013671875e+01
-7.874794006347656250e+01
-7.874794769287109375e+01
-7.874781036376953125e+01
-7.874784088134765625e+01
-7.874791717529296875e+01
-7.874780273437500000e+01
-7.874791717529296875e+01
-7.874789428710937500e+01
-7.874800872802734375e+01
-7.874781799316406250e+01
-7.874772644042968750e+01
-7.874790954589843750e+01
-7.874785614013671875e+01
-7.874775695800781250e+01
-7.874778747558593750e+01
-7.874792480468750000e+01
-7.874796295166015625e+01
-7.874781799316406250e+01
-7.874779510498046875e+01
-7.874791717529296875e+01
-7.874783325195312500e+01
-7.874796295166015625e+01
-7.874772644042968750e+01
-7.874793243408203125e+01
-7.874805450439453125e+01
-7.874785614013671875e+01
-7.874787139892578125e+01
-7.874785614013671875e+01
-7.874812316894531250e+01
-7.874771118164062500e+01
-7.874785614013671875e+01
-7.874778747558593750e+01
-7.874777221679687500e+01
-7.874790191650390625e+01
-7.874785614013671875e+01
-7.874790954589843750e+01
-7.874786376953125000e+01
-7.874792480468750000e+01
-7.874783325195312500e+01
-7.874801635742187500e+01
-7.874791717529296875e+01
-7.874795532226562500e+01
-7.874790191650390625e+01
-7.874790191650390625e+01
-7.874770355224609375e+01
-7.874780273437500000e+01
-7.874782562255859375e+01
-7.874790191650390625e+01
-7.874792480468750000e+01
-7.874788665771484375e+01
-7.874800872802734375e+01
-7.874786376953125000e+01
-7.874793243408203125e+01
-7.874820709228515625e+01
-7.874791717529296875e+01
-7.874787902832031250e+01
-7.874795532226562500e+01
-7.874794769287109375e+01
-7.874794006347656250e+01
-7.874788665771484375e+01
-7.874796295166015625e+01
-7.874802398681640625e+01
-7.874806976318359375e+01
-7.874789428710937500e+01
-7.874801635742187500e+01
-7.874794769287109375e+01
-7.874800109863281250e+01
-7.874786376953125000e+01
-7.874790191650390625e+01
-7.874799346923828125e+01
-7.874786376953125000e+01
-7.874804687500000000e+01
-7.874786376953125000e+01
-7.874799346923828125e+01
-7.874786376953125000e+01
-7.874784088134765625e+01
-7.874794769287109375e+01
-7.874771118164062500e+01
-7.874768829345703125e+01
-7.874787902832031250e+01
-7.874777984619140625e+01
-7.874792480468750000e+01
-7.874772644042968750e+01
-7.874782562255859375e+01
-7.874794006347656250e+01
-7.874793243408203125e+01
-7.874775695800781250e+01
-7.874774932861328125e+01
-7.874781036376953125e+01
-7.874787139892578125e+01
-7.874802398681640625e+01
-7.874783325195312500e+01
-7.874777984619140625e+01
-7.874789428710937500e+01
-7.874779510498046875e+01
-7.874793243408203125e+01
-7.874797058105468750e+01
-7.874805450439453125e+01
-7.874793243408203125e+01
-7.874778747558593750e+01
-7.874794769287109375e+01
-7.874794006347656250e+01
-7.874792480468750000e+01
-7.874800109863281250e+01
-7.874781036376953125e+01
-7.874810028076171875e+01
-7.874822235107421875e+01
-7.874801635742187500e+01
-7.874794006347656250e+01
-7.874777221679687500e+01
-7.874783325195312500e+01
-7.874790191650390625e+01
-7.874796295166015625e+01
-7.874821472167968750e+01
-7.874800872802734375e+01
-7.874787902832031250e+01
-7.874775695800781250e+01
-7.874785614013671875e+01
-7.874790191650390625e+01
-7.874786376953125000e+01
-7.874792480468750000e+01
-7.874803161621093750e+01
-7.874793243408203125e+01
-7.874789428710937500e+01
-7.874794769287109375e+01
-7.874781799316406250e+01
-7.874801635742187500e+01
-7.874787139892578125e+01
-7.874803161621093750e+01
-7.874782562255859375e+01
-7.874800872802734375e+01
-7.874809265136718750e+01
-7.874800872802734375e+01
-7.874796295166015625e+01
-7.874804687500000000e+01
-7.874798583984375000e+01
-7.874787902832031250e+01
-7.874822235107421875e+01
-7.874794769287109375e+01
-7.874796295166015625e+01
-7.874802398681640625e+01
-7.874778747558593750e+01
-7.874780273437500000e+01
-7.874792480468750000e+01
-7.874781799316406250e+01
-7.874779510498046875e+01
-7.874791717529296875e+01
-7.874792480468750000e+01
-7.874793243408203125e+01
-7.874791717529296875e+01
-7.874778747558593750e+01
-7.874791717529296875e+01
-7.874811553955078125e+01
-7.874789428710937500e+01
-7.874800872802734375e+01
-7.874798583984375000e+01
-7.874783325195312500e+01
-7.874775695800781250e+01
-7.874787139892578125e+01
-7.874793243408203125e+01
-7.874799346923828125e+01
-7.874804687500000000e+01
-7.874797058105468750e+01
-7.874776458740234375e+01
-7.874803161621093750e+01
-7.874785614013671875e+01
-7.874789428710937500e+01
-7.874781036376953125e+01
-7.874784851074218750e+01
-7.874794006347656250e+01
-7.874800109863281250e+01
-7.874786376953125000e+01
-7.874790191650390625e+01
-7.874788665771484375e+01
-7.874790954589843750e+01
-7.874790954589843750e+01
-7.874808502197265625e+01
-7.874767303466796875e+01
-7.874802398681640625e+01
-7.874783325195312500e+01
-7.874786376953125000e+01
-7.874776458740234375e+01
-7.874788665771484375e+01
-7.874813842773437500e+01
-7.874786376953125000e+01
-7.874787139892578125e+01
-7.874794769287109375e+01
-7.874789428710937500e+01
-7.874783325195312500e+01
-7.874778747558593750e+01
-7.874798583984375000e+01
-7.874796295166015625e+01
-7.874777221679687500e+01
-7.874813842773437500e+01
-7.874797821044921875e+01
-7.874779510498046875e+01
-7.874771118164062500e+01
-7.874778747558593750e+01
-7.874796295166015625e+01
-7.874787902832031250e+01
-7.874802398681640625e+01
-7.874811553955078125e+01
-7.874784088134765625e+01
-7.874806213378906250e+01
-7.874793243408203125e+01
-7.874793243408203125e+01
-7.874790191650390625e+01
-7.874785614013671875e+01
-7.874776458740234375e+01
-7.874792480468750000e+01
-7.874806213378906250e+01
-7.874787902832031250e+01
-7.874791717529296875e+01
-7.874812316894531250e+01
-7.874792480468750000e+01
-7.874776458740234375e+01
-7.874791717529296875e+01
-7.874785614013671875e+01
-7.874803161621093750e+01
-7.874789428710937500e+01
-7.874778747558593750e+01
-7.874793243408203125e+01
-7.874777221679687500e+01
-7.874813079833984375e+01
-7.874787902832031250e+01
-7.874780273437500000e+01
-7.874782562255859375e+01
-7.874791717529296875e+01
-7.874795532226562500e+01
-7.874807739257812500e+01
-7.874796295166015625e+01
-7.874793243408203125e+01
-7.874787902832031250e+01
-7.874794769287109375e+01
-7.874785614013671875e+01
-7.874796295166015625e+01
-7.874792480468750000e+01
-7.874809265136718750e+01
-7.874784088134765625e+01
-7.874795532226562500e+01
-7.874806976318359375e+01
-7.874791717529296875e+01
-7.874788665771484375e+01
-7.874792480468750000e+01
-7.874801635742187500e+01
-7.874793243408203125e+01
-7.874808502197265625e+01
-7.874789428710937500e+01
-7.874781036376953125e+01
-7.874784088134765625e+01
-7.874793243408203125e+01
-7.874787139892578125e+01
-7.874779510498046875e+01
-7.874796295166015625e+01
-7.874783325195312500e+01
-7.874787902832031250e+01
-7.874812316894531250e+01
-7.874788665771484375e+01
-7.874791717529296875e+01
-7.874797821044921875e+01
-7.874783325195312500e+01
-7.874803161621093750e+01
-7.874796295166015625e+01
-7.874761962890625000e+01
-7.874775695800781250e+01
-7.874800872802734375e+01
-7.874796295166015625e+01
-7.874783325195312500e+01
-7.874796295166015625e+01
-7.874790191650390625e+01
-7.874795532226562500e+01
-7.874794006347656250e+01
-7.874798583984375000e+01
-7.874793243408203125e+01
-7.874794006347656250e+01
-7.874800109863281250e+01
-7.874790191650390625e+01
-7.874798583984375000e+01
-7.874788665771484375e+01
-7.874794769287109375e+01
-7.874790954589843750e+01
-7.874789428710937500e+01
-7.874790954589843750e+01
-7.874784088134765625e+01
-7.874797821044921875e+01
-7.874782562255859375e+01
-7.874788665771484375e+01
-7.874784088134765625e+01
-7.874785614013671875e+01
-7.874783325195312500e+01
-7.874784088134765625e+01
-7.874797058105468750e+01
-7.874801635742187500e+01
-7.874794769287109375e+01
-7.874787902832031250e+01
-7.874777984619140625e+01
-7.874795532226562500e+01
-7.874800872802734375e+01
-7.874788665771484375e+01
-7.874788665771484375e+01
-7.874781799316406250e+01
-7.874800109863281250e+01
-7.874790954589843750e+01
-7.874790954589843750e+01
-7.874781799316406250e+01
-7.874793243408203125e+01
-7.874789428710937500e+01
-7.874807739257812500e+01
-7.874806976318359375e+01
-7.874787902832031250e+01
-7.874787902832031250e+01
-7.874775695800781250e+01
-7.874789428710937500e+01
-7.874807739257812500e+01
-7.874793243408203125e+01
-7.874774932861328125e+01
-7.874805450439453125e+01
-7.874766540527343750e+01
-7.874813079833984375e+01
-7.874808502197265625e+01
-7.874791717529296875e+01
-7.874795532226562500e+01
-7.874771118164062500e+01
-7.874787139892578125e+01
-7.874788665771484375e+01
-7.874784088134765625e+01
-7.874798583984375000e+01
-7.874787139892578125e+01
-7.874781799316406250e+01
-7.874783325195312500e+01
-7.874779510498046875e+01
-7.874798583984375000e+01
-7.874785614013671875e+01
-7.874789428710937500e+01
-7.874785614013671875e+01
-7.874777221679687500e+01
-7.874797821044921875e+01
-7.874786376953125000e+01
-7.874787902832031250e+01
-7.874792480468750000e+01
-7.874793243408203125e+01
-7.874780273437500000e+01
-7.874787902832031250e+01
-7.874779510498046875e+01
-7.874803924560546875e+01
-7.874781036376953125e+01
-7.874783325195312500e+01
-7.874797058105468750e+01
-7.874783325195312500e+01
-7.874789428710937500e+01
-7.874800109863281250e+01
-7.874779510498046875e+01
-7.874770355224609375e+01
-7.874781799316406250e+01
-7.874793243408203125e+01
-7.874783325195312500e+01
-7.874775695800781250e+01
-7.874801635742187500e+01
-7.874795532226562500e+01
-7.874784851074218750e+01
-7.874789428710937500e+01
-7.874793243408203125e+01
-7.874761962890625000e+01
-7.874797058105468750e+01
-7.874789428710937500e+01
-7.874790191650390625e+01
-7.874785614013671875e+01
-7.874797058105468750e+01
-7.874792480468750000e+01
-7.874800109863281250e+01
-7.874810791015625000e+01
-7.874784851074218750e+01
-7.874787139892578125e+01
-7.874787139892578125e+01
-7.874786376953125000e+01
-7.874791717529296875e+01
-7.874776458740234375e+01
-7.874796295166015625e+01
-7.874778747558593750e+01
-7.874782562255859375e+01
-7.874774169921875000e+01
-7.874787902832031250e+01
-7.874784851074218750e+01
-7.874776458740234375e+01
-7.874781036376953125e+01
-7.874784851074218750e+01
-7.874782562255859375e+01
-7.874800109863281250e+01
-7.874777221679687500e+01
-7.874792480468750000e+01
-7.874801635742187500e+01
-7.874800109863281250e+01
-7.874806976318359375e+01
-7.874797821044921875e+01
-7.874801635742187500e+01
-7.874806976318359375e+01
-7.874779510498046875e+01
-7.874787139892578125e+01
-7.874789428710937500e+01
-7.874792480468750000e+01
-7.874786376953125000e+01
-7.874777221679687500e+01
-7.874789428710937500e+01
-7.874765014648437500e+01
-7.874777984619140625e+01
-7.874799346923828125e+01
-7.874799346923828125e+01
-7.874797821044921875e+01
-7.874799346923828125e+01
-7.874786376953125000e+01
-7.874801635742187500e+01
-7.874809265136718750e+01
-7.874771881103515625e+01
-7.874792480468750000e+01
-7.874794769287109375e+01
-7.874790191650390625e+01
-7.874777984619140625e+01
-7.874781799316406250e+01
-7.874780273437500000e+01
-7.874800109863281250e+01
-7.874780273437500000e+01
-7.874794006347656250e+01
-7.874784851074218750e+01
-7.874797821044921875e+01
-7.874807739257812500e+01
-7.874804687500000000e+01
-7.874802398681640625e+01
-7.874780273437500000e+01
-7.874780273437500000e+01
-7.874777984619140625e+01
-7.874780273437500000e+01
-7.874767303466796875e+01
-7.874800109863281250e+01
-7.874780273437500000e+01
-7.874797058105468750e+01
-7.874794769287109375e+01
-7.874785614013671875e+01
-7.874791717529296875e+01
-7.874786376953125000e+01
-7.874804687500000000e+01
-7.874797821044921875e+01
-7.874786376953125000e+01
-7.874790954589843750e+01
-7.874813079833984375e+01
-7.874783325195312500e+01
-7.874779510498046875e+01
-7.874793243408203125e+01
-7.874790191650390625e+01
-7.874792480468750000e+01
-7.874803924560546875e+01
-7.874807739257812500e+01
-7.874794769287109375e+01
-7.874789428710937500e+01
-7.874806213378906250e+01
-7.874799346923828125e+01
-7.874795532226562500e+01
-7.874794006347656250e+01
-7.874786376953125000e+01
-7.874794769287109375e+01
-7.874794769287109375e+01
-7.874789428710937500e+01
-7.874801635742187500e+01
-7.874793243408203125e+01
-7.874795532226562500e+01
-7.874774169921875000e+01
-7.874787902832031250e+01
-7.874791717529296875e+01
-7.874803924560546875e+01
-7.874798583984375000e+01
-7.874783325195312500e+01
-7.874781036376953125e+01
-7.874799346923828125e+01
-7.874794006347656250e+01
-7.874790954589843750e+01
-7.874779510498046875e+01
-7.874787139892578125e+01
-7.874790191650390625e+01
-7.874799346923828125e+01
-7.874785614013671875e+01
-7.874787902832031250e+01
-7.874797058105468750e+01
-7.874775695800781250e+01
-7.874800872802734375e+01
-7.874793243408203125e+01
-7.874796295166015625e+01
-7.874800109863281250e+01
-7.874782562255859375e+01
-7.874798583984375000e+01
-7.874794006347656250e+01
-7.874794769287109375e+01
-7.874792480468750000e+01
-7.874802398681640625e+01
-7.874801635742187500e+01
-7.874781799316406250e+01
-7.874787139892578125e+01
-7.874787139892578125e+01
-7.874791717529296875e+01
-7.874774932861328125e+01
-7.874807739257812500e+01
-7.874790954589843750e+01
-7.874782562255859375e+01
-7.874796295166015625e+01
-7.874789428710937500e+01
-7.874784088134765625e+01
-7.874787902832031250e+01
-7.874779510498046875e+01
-7.874797821044921875e+01
-7.874798583984375000e+01
-7.874802398681640625e+01
-7.874793243408203125e+01
-7.874785614013671875e+01
-7.874771118164062500e+01
-7.874785614013671875e+01
-7.874777221679687500e+01
-7.874774932861328125e+01
-7.874797058105468750e+01
-7.874811553955078125e+01
-7.874799346923828125e+01
-7.874778747558593750e+01
-7.874794769287109375e+01
-7.874813842773437500e+01
-7.874802398681640625e+01
-7.874811553955078125e+01
-7.874794006347656250e+01
-7.874804687500000000e+01
-7.874800109863281250e+01
-7.874803161621093750e+01
-7.874795532226562500e+01
-7.874804687500000000e+01
-7.874800872802734375e+01
-7.874790954589843750e+01
-7.874784088134765625e+01
-7.874798583984375000e+01
-7.874772644042968750e+01
-7.874784088134765625e+01
-7.874778747558593750e+01
-7.874798583984375000e+01
-7.874787902832031250e+01
-7.874790954589843750e+01
-7.874800872802734375e+01
-7.874810791015625000e+01
-7.874783325195312500e+01
-7.874781799316406250e+01
-7.874790191650390625e+01
-7.874783325195312500e+01
-7.874787139892578125e+01
-7.874782562255859375e+01
-7.874790191650390625e+01
-7.874784851074218750e+01
-7.874784851074218750e+01
-7.874787139892578125e+01
-7.874809265136718750e+01
-7.874791717529296875e+01
-7.874797821044921875e+01
-7.874788665771484375e+01
-7.874795532226562500e+01
-7.874803924560546875e+01
-7.874797058105468750e+01
-7.874790191650390625e+01
-7.874798583984375000e+01
-7.874783325195312500e+01
-7.874797058105468750e+01
-7.874787139892578125e+01
-7.874792480468750000e+01
-7.874771118164062500e+01
-7.874784851074218750e+01
-7.874791717529296875e+01
-7.874790191650390625e+01
-7.874774169921875000e+01
-7.874771881103515625e+01
-7.874792480468750000e+01
-7.874806213378906250e+01
-7.874790191650390625e+01
-7.874791717529296875e+01
-7.874785614013671875e+01
-7.874794769287109375e+01
-7.874810791015625000e+01
-7.874794769287109375e+01
-7.874795532226562500e+01
-7.874792480468750000e+01
-7.874800109863281250e+01
-7.874772644042968750e+01
-7.874796295166015625e+01
-7.874801635742187500e+01
-7.874808502197265625e+01
-7.874794006347656250e+01
-7.874804687500000000e+01
-7.874806976318359375e+01
-7.874806976318359375e+01
-7.874782562255859375e+01
-7.874790191650390625e+01
-7.874809265136718750e+01
-7.874799346923828125e+01
-7.874787139892578125e+01
-7.874799346923828125e+01
-7.874797058105468750e+01
-7.874808502197265625e+01
-7.874787139892578125e+01
-7.874799346923828125e+01
-7.874794006347656250e+01
-7.874813842773437500e+01
-7.874797821044921875e+01
-7.874790191650390625e+01
-7.874792480468750000e+01
-7.874784088134765625e+01
-7.874790191650390625e+01
-7.874803924560546875e+01
-7.874790954589843750e+01
-7.874799346923828125e+01
-7.874786376953125000e+01
-7.874790954589843750e+01
-7.874801635742187500e+01
-7.874803924560546875e+01
-7.874794769287109375e+01
-7.874803161621093750e+01
-7.874799346923828125e+01
-7.874800109863281250e+01
-7.874791717529296875e+01
-7.874770355224609375e+01
-7.874778747558593750e+01
-7.874779510498046875e+01
-7.874784088134765625e+01
-7.874794769287109375e+01
-7.874783325195312500e+01
-7.874781799316406250e+01
-7.874788665771484375e+01
-7.874784088134765625e+01
-7.874774169921875000e+01
-7.874793243408203125e+01
-7.874783325195312500e+01
-7.874795532226562500e+01
-7.874800872802734375e+01
-7.874797821044921875e+01
-7.874789428710937500e+01
-7.874786376953125000e+01
-7.874802398681640625e+01
-7.874783325195312500e+01
-7.874795532226562500e+01
-7.874782562255859375e+01
-7.874788665771484375e+01
-7.874779510498046875e+01
-7.874800872802734375e+01
-7.874794006347656250e+01
-7.874791717529296875e+01
-7.874788665771484375e+01
-7.874780273437500000e+01
-7.874790191650390625e+01
-7.874806213378906250e+01
-7.874802398681640625e+01
-7.874789428710937500e+01
-7.874790191650390625e+01
-7.874787902832031250e+01
-7.874802398681640625e+01
-7.874788665771484375e+01
-7.874803161621093750e+01
-7.874793243408203125e+01
-7.874799346923828125e+01
-7.874807739257812500e+01
-7.874780273437500000e+01
-7.874776458740234375e+01
-7.874772644042968750e+01
-7.874794006347656250e+01
-7.874784851074218750e+01
-7.874779510498046875e+01
-7.874774932861328125e+01
-7.874800109863281250e+01
-7.874797821044921875e+01
-7.874777984619140625e+01
-7.874797821044921875e+01
-7.874781036376953125e+01
-7.874794006347656250e+01
-7.874789428710937500e+01
-7.874794006347656250e+01
-7.874791717529296875e+01
-7.874774169921875000e+01
-7.874789428710937500e+01
-7.874774932861328125e+01
-7.874788665771484375e+01
-7.874803924560546875e+01
-7.874819183349609375e+01
-7.874786376953125000e+01
-7.874775695800781250e+01
-7.874793243408203125e+01
-7.874787902832031250e+01
-7.874784851074218750e+01
-7.874774932861328125e+01
-7.874786376953125000e+01
-7.874793243408203125e+01
-7.874796295166015625e+01
-7.874793243408203125e+01
-7.874782562255859375e+01
-7.874768066406250000e+01
-7.874775695800781250e+01
-7.874784851074218750e+01
-7.874771118164062500e+01
-7.874795532226562500e+01
-7.874781799316406250e+01
-7.874793243408203125e+01
-7.874780273437500000e+01
-7.874787902832031250e+01
-7.874781036376953125e+01
-7.874802398681640625e+01
-7.874790954589843750e+01
-7.874798583984375000e+01
-7.874789428710937500e+01
-7.874775695800781250e+01
-7.874778747558593750e+01
-7.874772644042968750e+01
-7.874760437011718750e+01
-7.874797821044921875e+01
-7.874785614013671875e+01
-7.874790954589843750e+01
-7.874793243408203125e+01
-7.874794006347656250e+01
-7.874792480468750000e+01
-7.874800109863281250e+01
-7.874785614013671875e+01
-7.874771118164062500e+01
-7.874783325195312500e+01
-7.874774932861328125e+01
-7.874768066406250000e+01
-7.874788665771484375e+01
-7.874806976318359375e+01
-7.874776458740234375e+01
-7.874793243408203125e+01
-7.874805450439453125e+01
-7.874799346923828125e+01
-7.874794769287109375e+01
-7.874805450439453125e+01
-7.874792480468750000e+01
-7.874808502197265625e+01
-7.874785614013671875e+01
-7.874771881103515625e+01
-7.874782562255859375e+01
-7.874792480468750000e+01
-7.874807739257812500e+01
-7.874780273437500000e+01
-7.874797821044921875e+01
-7.874794006347656250e+01
-7.874782562255859375e+01
-7.874803924560546875e+01
-7.874784088134765625e+01
-7.874780273437500000e+01
-7.874781799316406250e+01
-7.874780273437500000e+01
-7.874788665771484375e+01
-7.874795532226562500e+01
-7.874784088134765625e+01
-7.874787902832031250e+01
-7.874766540527343750e+01
-7.874786376953125000e+01
-7.874782562255859375e+01
-7.874794006347656250e+01
-7.874787902832031250e+01
-7.874792480468750000e+01
-7.874780273437500000e+01
-7.874800109863281250e+01
-7.874784088134765625e+01
-7.874780273437500000e+01
-7.874781036376953125e+01
-7.874787139892578125e+01
-7.874789428710937500e+01
-7.874768066406250000e+01
-7.874785614013671875e+01
-7.874797058105468750e+01
-7.874798583984375000e+01
-7.874797058105468750e+01
-7.874776458740234375e+01
-7.874775695800781250e+01
-7.874788665771484375e+01
-7.874786376953125000e+01
-7.874790191650390625e+01
-7.874786376953125000e+01
-7.874791717529296875e+01
-7.874790954589843750e+01
-7.874777984619140625e+01
-7.874794006347656250e+01
-7.874777221679687500e+01
-7.874798583984375000e+01
-7.874783325195312500e+01
-7.874794006347656250e+01
-7.874789428710937500e+01
-7.874775695800781250e+01
-7.874777221679687500e+01
-7.874797058105468750e+01
-7.874791717529296875e+01
-7.874785614013671875e+01
-7.874783325195312500e+01
-7.874790954589843750e+01
-7.874791717529296875e+01
-7.874777221679687500e+01
-7.874784851074218750e+01
-7.874777221679687500e+01
-7.874789428710937500e+01
-7.874783325195312500e+01
-7.874804687500000000e+01
-7.874788665771484375e+01
-7.874796295166015625e+01
-7.874784851074218750e+01
-7.874796295166015625e+01
-7.874776458740234375e+01
-7.874781036376953125e+01
-7.874784088134765625e+01
-7.874778747558593750e+01
-7.874777221679687500e+01
-7.874790191650390625e+01
-7.874774169921875000e+01
-7.874778747558593750e+01
-7.874801635742187500e+01
-7.874793243408203125e+01
-7.874789428710937500e+01
-7.874790954589843750e+01
-7.874797821044921875e+01
-7.874799346923828125e+01
-7.874790191650390625e+01
-7.874788665771484375e+01
-7.874794769287109375e+01
-7.874794769287109375e+01
-7.874788665771484375e+01
-7.874777984619140625e+01
-7.874781799316406250e+01
-7.874800109863281250e+01
-7.874786376953125000e+01
-7.874797821044921875e+01
-7.874794769287109375e+01
-7.874788665771484375e+01
-7.874801635742187500e+01
-7.874768829345703125e+01
-7.874782562255859375e+01
-7.874780273437500000e+01
-7.874780273437500000e+01
-7.874800872802734375e+01
-7.874773406982421875e+01
-7.874799346923828125e+01
-7.874771118164062500e+01
-7.874778747558593750e+01
-7.874792480468750000e+01
-7.874795532226562500e+01
-7.874782562255859375e+01
-7.874786376953125000e+01
-7.874796295166015625e+01
-7.874783325195312500e+01
-7.874798583984375000e+01
-7.874796295166015625e+01
-7.874768066406250000e+01
-7.874785614013671875e+01
-7.874790954589843750e+01
-7.874786376953125000e+01
-7.874781036376953125e+01
-7.874766540527343750e+01
-7.874774932861328125e+01
-7.874800109863281250e+01
-7.874791717529296875e+01
-7.874794769287109375e+01
-7.874794769287109375e+01
-7.874784088134765625e+01
-7.874791717529296875e+01
-7.874806213378906250e+01
-7.874772644042968750e+01
-7.874771118164062500e+01
-7.874784851074218750e+01
-7.874782562255859375e+01
-7.874803161621093750e+01
-7.874776458740234375e+01
-7.874794769287109375e+01
-7.874780273437500000e+01
-7.874769592285156250e+01
-7.874784088134765625e+01
-7.874787902832031250e+01
-7.874777984619140625e+01
-7.874787902832031250e+01
-7.874782562255859375e+01
-7.874799346923828125e+01
-7.874785614013671875e+01
-7.874774932861328125e+01
-7.874783325195312500e+01
-7.874799346923828125e+01
-7.874790191650390625e+01
-7.874781799316406250e+01
-7.874794006347656250e+01
-7.874784088134765625e+01
-7.874787139892578125e+01
-7.874777984619140625e+01
-7.874794006347656250e+01
-7.874774932861328125e+01
-7.874769592285156250e+01
-7.874798583984375000e+01
-7.874784088134765625e+01
-7.874787902832031250e+01
-7.874790954589843750e+01
-7.874777984619140625e+01
-7.874800872802734375e+01
-7.874791717529296875e+01
-7.874766540527343750e+01
-7.874784851074218750e+01
-7.874783325195312500e+01
-7.874790191650390625e+01
-7.874784851074218750e+01
-7.874777984619140625e+01
-7.874792480468750000e+01
-7.874788665771484375e+01
-7.874803161621093750e+01
-7.874773406982421875e+01
-7.874785614013671875e+01
-7.874792480468750000e+01
-7.874772644042968750e+01
-7.874797821044921875e+01
-7.874776458740234375e+01
-7.874787902832031250e+01
-7.874787902832031250e+01
-7.874788665771484375e+01
-7.874781036376953125e+01
-7.874787139892578125e+01
-7.874797058105468750e+01
-7.874791717529296875e+01
-7.874810028076171875e+01
-7.874797058105468750e+01
-7.874797058105468750e+01
-7.874787902832031250e+01
-7.874782562255859375e+01
-7.874789428710937500e+01
-7.874785614013671875e+01
-7.874777984619140625e+01
-7.874798583984375000e+01
-7.874798583984375000e+01
-7.874790954589843750e+01
-7.874784088134765625e+01
-7.874780273437500000e+01
-7.874790954589843750e+01
-7.874780273437500000e+01
-7.874799346923828125e+01
-7.874781799316406250e+01
-7.874784851074218750e+01
-7.874781036376953125e+01
-7.874781036376953125e+01
-7.874774932861328125e+01
-7.874777221679687500e+01
-7.874800109863281250e+01
-7.874787139892578125e+01
-7.874799346923828125e+01
-7.874796295166015625e+01
-7.874800872802734375e+01
-7.874777221679687500e+01
-7.874789428710937500e+01
